3
7
11
19
23
31
67
71
43
47
59
83
103
79
107
127
131
139
151
167
547
163
179
191
211
199
227
239
331
223
251
3851
263
271
307
311
347
367
439
487
463
467
443
563
523
503
587
751
283
359
379
383
431
479
419
1871
491
499
607
571
599
643
647
691
719
631
619
743
659
739
727
863
983
811
919
947
907
1019
1103
1087
1291
1823
1367
1879
1579
1619
1747
2531
2383
2243
4447
3323
1231
1471
683
787
883
823
991
839
887
859
967
827
1187
1163
1123
1031
1051
971
1091
1063
1039
1223
1151
911
1459
1283
1319
1171
1327
1279
1451
1427
1423
1531
1667
1303
