163
271
487
919
1567
1999
2539
2647
2971
3079
3187
3511
3943
4159
4483
5563
8803
9127
9343
10099
11071
11287
11719
12043
12583
12907
14851
15391
15607
16363
16903
17659
18199
18523
19387
19819
20143
20359
23059
25111
25219
25867
26083
26839
27271
27919
29863
30187
30403
30727
31051
31159
31699
32779
33427
34183
35803
35911
36559
38611
40231
40879
41203
41851
42499
44983
46279
47251
49627
49843
50383
50599
50923
52543
53299
53407
53623
54163
57943
58699
59023
59887
60859
61291
62047
63127
63559
64747
65071
65179
65719
65827
67339
67987
68311
69067
70687
71011
71119
71551
72307
73063
73819
74143
75979
76519
77383
77491
78031
78139
78571
80407
81703
81919
82567
82891
86131
86239
87103
87211
87427
87751
90127
95311
95527
96823
96931
97579
98011
98227
99523
100927
101467
102763
103087
103951
104383
104707
105031
106219
106543
107839
108271
109567
110431
110863
111187
113023
113779
114319
114643
114859
114967
115399
115831
116047
116371
116911
117127
117883
117991
119179
119503
119611
120691
120907
121123
121447
123499
124147
124363
124471
125119
125659
126199
126739
128683
129223
130087
133543
134191
134731
134839
134947
136027
136999
138079
138403
138727
139267
139591
140779
141319
142939
144451
144883
145531
145963
146719
147151
147799
148123
148339
150067
150607
151579
151687
153523
154279
154927
155251
157411
157519
157627
161731
161947
162703
163027
163243
164431
166807
167779
168211
169399
170047
170263
174259
174583
177823
178903
179119
181063
181927
182467
183439
183763
184087
184627
185599
185923
186247
186679
187003
188407
189271
190243
190783
190891
192187
194671
195103
195319
195427
195967
197371
201151
201907
202231
203419
204067
207199
207307
208387
208927
209359
213139
214003
214759
215191
216379
216703
217351
218107
218971
219619
219727
219943
220699
220807
221671
222643
223291
223939
224911
227719
227827
228799
229123
229771
230203
230311
230743
230959
231067
231607
232363
233551
233983
234847
235171
235927
237331
237763
238519
239167
239383
241327
241651
242083
244243
244567
245863
247591
248779
248887
249103
249211
249427
249859
249967
253423
254071
255043
255259
255907
256771
257311
258283
260551
261631
261739
261847
262387
264007
264331
264763
266059
266599
267679
269947
270163
271027
272539
272971
273727
275131
277183
279883
279991
280639
280963
282691
282907
283447
283771
284527
285823
286687
288307
290359
291331
291547
291979
292627
293599
294247
294787
295111
296299
297487
297811
299107
301051
301267
301591
302563
303643
303859
305479
306883
309367
310447
310663
310771
312931
314983
315199
315739
319411
319519
320923
321679
322111
322327
323083
323623
325027
325891
325999
326323
327511
327619
328591
329347
329671
329779
330103
330427
330859
331183
331399
333451
333667
334099
334423
334963
335719
338203
338959
339067
340579
340903
341443
342847
344251
344791
345979
346303
346627
347059
348031
348247
348571
350191
350947
351919
354727
356887
357103
357319
357859
359263
359587
364879
365851
366607
367687
368443
369739
370387
370603
371359
372223
373951
375247
375787
376003
376759
378163
378379
379999
380971
382267
383023
383347
385831
385939
386263
388099
390151
390367
391987
394039
394363
394579
395443
396199
396523
396631
398143
398467
398683
399439
399871
400087
402139
403003
403219
403327
405487
406027
409267
411211
411751
411967
412831
413911
414451
416719
417691
418339
418987
419527
420499
421147
421471
423091
423847
424819
425791
425899
426007
426331
427951
429679
430543
434107
435403
435619
436483
440911
441667
442207
442531
442963
444043
447823
448363
448687
449011
449767
451279
454303
454843
455491
455599
456571
457651
458191
458407
458947
459703
461323
461971
462079
462727
465211
465319
466183
467479
468451
468883
469099
470179
470719
473419
473743
474391
474499
474931
476659
477523
477739
477847
478171
478603
481087
481843
482707
483787
484111
484327
484867
485731
486379
487891
489943
490159
490267
493399
494587
495343
495667
496747
496963
497719
498259
498583
498691
498907
499663
499879
500527
501931
503551
504307
504523
505711
507979
508087
510247
511327
515539
518131
519427
519643
521047
522127
522883
523207
523639
524287
527203
527851
528391
528823
529471
530443
530767
531631
534007
535303
535627
536491
536923
537787
538651
539839
541999
542323
542539
543187
544699
545023
545239
546103
546211
546643
546967
547291
547831
548263
549883
550531
551179
553123
554419
555391
555823
555931
556579
557551
558091
561439
563599
564463
565111
565651
565867
566947
568027
568891
568999
570511
571267
572239
574183
574507
574723
575371
575479
576019
577639
579259
579583
579907
580231
580339
580663
582499
582931
583147
583903
585199
586387
586819
587143
587467
588871
590383
590599
590923
594163
594271
596863
597403
598051
598159
599023
600319
600751
602047
603667
605503
608527
609067
609391
612307
613279
614683
616519
616843
616951
621703
622351
623431
624727
625267
625591
625699
626347
627643
627859
628183
628939
629371
629803
630127
630451
632503
633151
633799
635959
636499
636931
639307
640279
641143
641791
642223
642547
642871
643087
643303
644383
644491
646003
648379
649567
650863
650971
651943
652591
654427
655723
656371
657451
658639
658963
659611
660367
661663
661879
661987
662203
662527
663283
664471
664579
666091
667819
668791
670627
670951
671059
671383
673327
674299
675163
675271
676891
677107
677323
677647
679051
679807
680347
682723
683911
684127
684451
685963
686503
686611
687151
688447
689851
691147
691687
695899
696547
697519
698491
698923
699463
701731
702379
703459
704647
705079
705403
706051
707563
707671
707887
709507
710371
712531
713287
713611
713827
714151
715123
715339
716743
716959
718579
719011
719119
719659
720091
720847
722467
722791
723439
724303
726139
726463
726679
726787
727003
727327
727759
728947
730567
730783
730999
731539
732079
732187
732943
733807
734131
735211
736399
737047
737263
739099
740287
741043
741691
743203
743851
744283
744823
746227
747199
748711
748819
749143
751411
751627
752707
753679
757243
758431
759727
760807
761023
761347
761671
761779
762211
762319
762967
764587
765991
767287
767827
768259
768799
769123
769231
771499
775063
775603
775711
776683
776899
777871
778951
779599
779707
781111
781327
782083
782191
782839
783379
783487
783703
785107
787051
788563
789967
790291
790831
791803
792559
793099
793207
794071
795799
796447
797743
798067
799363
800011
800659
801631
802279
802603
803251
806059
807463
807787
808651
809407
810379
812431
814699
816103
816427
816859
817183
817723
818371
819991
820747
822907
823231
823663
825283
826363
827443
828523
830143
830359
832411
832627
833923
835327
836191
836299
836623
836839
837271
840187
840727
840943
842887
843103
846343
846667
847531
851419
854443
855199
855307
856279
856711
860599
861139
861571
864379
865783
866431
867079
867619
868051
868267
869131
870211
870643
872479
872587
873667
877771
877879
878743
879283
879391
879607
880687
882199
882631
884251
884791
884899
885223
887707
889327
890083
891379
891487
892027
892351
892783
892999
893863
895159
897103
897319
897751
898291
900019
902719
903367
904663
904879
904987
905959
906823
906931
907471
909091
910711
911359
912763
912871
912979
914491
916219
920539
920863
921079
922699
923347
924643
925291
932203
932419
934039
935443
936739
937927
938251
938359
939007
941383
941491
941599
942031
942787
943219
943543
944191
944731
946783
947431
947647
948403
949699
950239
950347
950671
951967
952507
954451
956503
957043
960931
961687
962011
963847
964927
965467
965791
966871
969139
969679
970111
970867
972271
973891
974863
975619
975943
976483
980047
980803
984367
985339
986959
987391
988147
988579
990523
990631
991063
991171
992359
993763
994303
995167
997327
997651
998083
998623
998947
1002403
1002511
1004671
1004779
1005751
1009531
1009747
1009963
1010179
1011583
1011799
1012447
1012771
1013203
1013527
1015363
1015471
1016011
1017307
1018711
1019251
1019899
1020007
1020223
1021303
1021627
1022167
1022491
1023571
1024327
1025407
1025839
1027567
1027783
1028107
1029943
1031347
1032211
1032319
1033507
1034479
1036747
1037503
1038043
1038691
1040203
1040311
1040419
1040959
1041283
1042039
1042903
1045819
1047763
1049599
1049707
1050139
1052083
1052299
1053271
1055863
1057699
1059103
1060723
1063963
1066231
1066339
1067203
1067851
1068499
1069687
1072711
1073791
1075303
1078219
1081027
1081243
1081891
1083079
1084483
1085131
1085779
1086103
1086859
1088371
1090963
1091287
1092583
1092907
1095067
1097443
1097983
1099171
1099279
1099711
1099927
1100467
1100683
1100899
1101871
1103059
1103923
1104247
1104787
1105327
1105759
1106407
1107811
1108567
1108999
1109431
1110727
1110943
1112239
1112779
1113319
1113643
1113859
1114507
1117099
1119691
1119799
1120663
1122283
1124551
1124659
1124983
1127359
1128763
1131139
1131463
1131787
1132003
1133623
1133731
1134271
1134703
1135891
1135999
1136647
1137403
1138483
1140859
1141291
1142263
1143019
1145611
1146799
1147339
1147987
1148311
1149283
1149607
1151443
1151659
1152091
1152523
1152631
1153063
1154359
1156087
1156303
1156627
1158247
1158679
1160839
1161163
1161703
1162243
1163431
1163971
1164511
1166131
1166779
1167211
1168183
1168399
1169587
1170667
1171207
1172179
1172503
1174231
1174879
1175743
1175959
1176391
1182007
1182547
1185463
1186111
1187839
1189999
1192267
1192483
1195291
1195723
1196911
1197451
1200583
1200691
1200799
1202743
1203607
1206307
1208791
1209223
1210411
1210843
1211059
1212787
1213651
1214299
1214947
1215271
1215703
1215919
1216351
1219807
1221427
1223587
1225963
1226611
1228987
1229203
1231579
1232227
1232659
1234063
1234819
1235791
1236979
1240219
1241407
1242487
1242811
1243783
1244647
1244863
1245187
1247563
1248211
1249939
1252639
1252963
1254907
1258039
1258471
1259767
1259983
1261279
1261387
1263007
1263547
1263979
1264303
1265923
1268731
1269379
1271971
1272079
1273267
1274671
1275319
1280179
1281043
1284931
1286227
1286983
1287739
1288171
1290439
1292167
1292491
1293031
1294759
1295299
1296703
1297243
1297459
1301239
1301347
1303507
1303831
1304371
1304803
1306099
1308367
1308691
1309123
1312579
1313443
1315711
1316143
1317763
1318411
1319707
1321219
1321651
1321867
1322731
1323919
1324783
1325431
1326511
1326727
1327159
1328671
1329103
1333963
1334287
1335259
1335907
1337419
1337527
1337851
1338823
1339147
1340011
1340767
1342279
1343899
1344979
1345303
1346491
1349407
1350487
1350703
1351459
1351783
1352107
1352863
1354051
1354267
1356643
1357183
1358263
1358479
1358803
1360207
1360423
1360531
1360747
1362367
1363447
1363771
1364203
1366903
1370143
1370899
1371763
1372411
1372627
1372843
1373167
1374787
1376407
1377379
1378567
1378999
1380619
1381483
1382779
1388287
1388719
1389259
1391419
1392607
1395739
1396711
1397359
1398763
1398871
1400383
1400599
1400923
1401031
1401247
1401571
1401679
1402003
1404163
1404811
1407187
1408699
1410103
1413991
1414207
1415179
1415611
1417123
1417771
1420039
1423603
1423711
1426303
1426519
1426627
1426951
1427599
1428247
1429543
1429867
1431379
1434943
1436023
1436779
1437967
1438291
1438399
1438939
1440883
1441423
1442827
1443151
1444447
1444771
1445959
1448443
1448659
1450819
1451143
1451899
1452439
1453411
1456219
1456759
1457083
1458703
1459027
1459351
1459891
1461511
1464103
1464751
1468963
1469287
1470043
1471879
1472959
1473607
1474579
1475443
1476199
1476523
1477711
1478467
1478683
1479763
1480627
1483327
1484947
1485487
1487539
1488727
1489051
1490347
1491103
1491643
1491859
1494019
1494343
1496827
1497043
1499419
1500931
1501363
1503091
1503739
1505899
1506223
1506979
1510651
1510759
1510867
1512703
1514647
1514971
1515727
1516591
1517239
1517671
1519291
1519831
1520587
1523503
1525987
1527607
1527931
1529659
1530091
1530523
1530631
1531279
1533331
1533439
1533871
1534411
1534843
1536679
1538083
1540027
1540243
1540783
1541431
1541539
1541863
1542187
1542511
1542727
1544131
1544563
1545751
1546399
1547479
1547803
1548451
1548991
1549099
1550287
1551691
1552123
1552879
1553527
1555039
1555579
1556767
1557091
1558387
1558819
1559683
1562707
1565191
1566163
1566811
1567567
1568107
1571023
1572427
1572643
1573723
1574371
1575991
1577503
1579231
1580419
1580851
1581499
1582363
1583767
1584307
1585279
1586251
1587007
1593379
1593703
1594027
1594459
1594783
1595323
1595431
1595647
1595863
1597699
1598131
1598239
1598563
1599319
1602451
1603531
1603747
1604179
1604719
1605151
1605691
1606663
1606771
1608283
1608823
1609903
1610659
1611199
1611307
1614871
1616491
1618327
1620271
1620379
1622431
1624159
1624591
1625347
1627723
1627831
1629451
1631611
1632259
1632691
1633231
1633987
1634203
1637983
1640467
1643599
1644031
1644571
1645003
1645327
1645867
1646299
1648567
1650079
1651591
1652671
1653103
1653427
1655263
1656883
1657099
1657639
1657963
1658827
1660231
1660663
1661851
1663147
1664227
1665091
1665523
1666279
1666711
1667143
1667251
1667359
1667791
1667899
1669951
1670059
1670491
1670923
1671139
1671463
1673407
1674163
1674703
1675351
1676431
1676971
1680643
1680859
1680967
1681723
1682047
1682479
1682911
1684099
1684531
1685179
1685503
1686367
1687339
1688311
1689607
1689931
1691227
1691659
1691983
1693171
1694467
1695871
1696951
1697383
1697491
1698139
1698679
1699111
1699543
1699651
1702243
1702891
1704187
1704943
1705051
1705267
1705591
1705807
1708507
1709047
1709263
1710343
1711639
1713043
1714663
1715851
1716391
1716931
1718551
1720171
1721143
1721683
1723303
1723627
1724923
1726003
1726327
1726651
1726759
1727191
1727623
1727839
1729891
1730431
1730863
1732051
1732483
1734427
1735291
1735399
1737559
1737667
1739827
1740691
1741231
1741879
1742527
1743067
1743823
1744363
1745011
1746307
1747387
1748899
1750519
1751599
1751923
1752679
1754407
1755487
1756567
1756999
1758187
1758403
1758727
1762399
1763263
1763911
1764127
1765207
1766719
1767043
1768231
1769851
1771039
1771687
1772119
1772227
1772767
1773307
1773847
1777411
1780003
1782379
1784647
1786159
1786483
1786699
1787347
1788103
1788211
1789399
1793611
1793719
1795663
1796959
1799011
1799227
1799983
1800091
1800199
1801819
1802791
1804951
1807327
1807543
1808083
1808839
1809163
1809271
1809487
1810243
1811107
1811539
1812511
1814347
1818451
1818559
1818667
1819423
1821583
1822123
1824391
1824499
1824607
1825039
1825687
1826119
1826659
1827307
1828279
1829683
1830223
1830331
1833787
1834111
1835839
1836271
1836379
1836811
1837027
1839727
1840051
1840591
1843183
1844263
1845559
1846099
1847071
1847827
1848043
1848151
1848367
1849663
1851391
1851931
1852579
1852687
1853011
1855171
1855279
1855603
1859167
1859491
1860139
1861543
1862407
1863271
1864567
1865107
1865863
1867051
1868239
1870399
1870723
1872667
1874611
1875043
1880551
1882063
1882171
1883359
1886923
1887247
1888651
1889191
1890379
1890487
1891243
1891567
1892431
1893187
1893403
1895239
1897939
1898047
1898371
1903123
1905391
1907767
1908091
1908631
1909279
1909603
1909927
1912087
1912843
1912951
1914139
1914247
1916731
1917703
1918027
1918351
1919431
1920403
1921267
1925047
1926667
1928071
1929691
1931203
1932283
1933363
1934983
1935631
1935847
1936171
1936819
1942111
1945243
1945891
1947511
1947619
1948267
1948483
1949887
1952047
1952479
1953451
1953559
1954423
1955071
1956583
1956907
1958959
1959283
1961551
1962091
1962523
1962847
1963063
1963711
1964143
1965979
1966303
1967599
1967923
1970083
1973539
1974403
1976347
1977319
1977427
1979371
1979911
1980019
1980343
1980991
1981963
1982287
1982611
1984123
1985419
1985743
1986499
1988659
1991251
1992547
1993627
1994599
1995139
1995787
1996219
1996543
1996759
1996867
1997731
2000107
2001619
2005831
2007883
2012419
2012743
2013391
2014471
2016199
2018251
2018899
2024731
2026567
2028511
2029051
2029483
2030563
2031103
2032507
2033803
2035639
2036611
2037043
2038879
2040607
2041147
2041579
2042767
2042983
2043091
2043199
2043523
2046223
2046871
2047627
2049679
2050219
2050327
2051191
2051839
2051947
2052163
2053459
2055187
2055511
2055727
2058967
2059723
2060263
2061883
2062531
2062747
2063827
2065879
2068039
2068471
2069227
2069443
2069983
2070091
2070307
2071711
2074519
2075599
2078731
2079811
2080027
2081323
2082079
2082727
2083267
2084023
2086507
2086723
2086831
2086939
2090719
2091151
2092663
2092771
2094067
2095363
2096011
2098171
2102383
2103679
2105947
2106919
2107243
2108539
2108647
2109403
2110267
2111023
2111779
2112751
2113399
2114803
2115343
2116099
2116423
2117287
2117719
2118043
2119231
2119879
2120203
2120851
2121607
2122039
2123767
2125819
2126791
2127007
2128303
2130031
2131867
2132839
2132947
2133487
2133811
2134243
2136187
2137159
2138671
2139211
2139427
2139859
2140399
2142667
2143963
2144179
2144503
2145151
2146231
2147419
2149039
2149471
2150011
2150119
2154007
2154871
2155519
2155627
2157031
2157247
2157787
2158759
2162323
2162971
2163079
2166319
2167507
2167723
2169883
2170639
2172151
2172367
2172799
2173663
2175391
2176579
2177011
2177983
2179279
2179819
2180251
2181007
2181547
2181871
2182303
2186731
2187919
2188783
2189323
2189647
2191051
2191159
2192131
2192563
2192887
2193319
2193967
2194723
2194939
2196127
2196559
2197747
2199907
2200987
2201203
2204443
2204767
2205199
2206387
2206819
2207791
2208439
2210059
2212003
2212219
2213623
2213839
2214379
2218807
2219023
2219671
2220643
2221399
2222263
2222911
2226151
2229391
2229823
2231011
2232847
2233711
2234251
2234899
2236519
2236627
2236951
2237167
2238571
2238787
2239219
2240083
2240191
2240731
2241163
2242027
2242783
2243431
2248507
2252179
2254771
2258227
2259199
2259847
2260171
2260603
2262223
2263087
2263411
2263519
2264707
2265463
2267299
2267407
2272483
2274859
2275723
2278747
2279611
2280367
2281231
2281987
2283499
2284147
2285443
2285551
2286091
2286199
2286523
2286847
2287063
2287171
2287387
2289979
2290627
2290843
2291167
2293219
2293327
2293867
2294731
2295919
2296783
2297863
2299159
2299483
2300131
2301319
2303263
2303803
2304343
2304451
2304559
2306179
2308231
2309743
2310823
2311147
2311471
2312983
2313631
2314063
2314603
2315683
2317087
2317519
2317951
2318059
2318599
2318923
2320111
2320543
2320651
2323459
2323999
2325943
2327239
2327887
2328211
2328967
2329291
2331127
2331451
2333179
2334691
2336743
2337067
2339011
2339551
2340739
2341819
2343763
2344627
2345383
2347759
2348083
2348947
2349271
2350567
2350891
2351863
2353051
2353159
2353591
2356831
2357371
2358127
2359963
2360719
2361367
2363203
2363311
2365471
2366227
2366443
2367523
2369791
2370007
2372599
2373247
2376271
2378107
2378539
2379079
2382103
2383291
2384587
2385343
2385451
2388259
2388583
2389663
2390743
2393011
2393119
2393659
2394631
2395279
2395927
2399167
2399599
2400571
2401111
2403487
2404459
2404783
2404891
2405971
2406619
2406727
2407267
2409859
2410183
2410831
2411371
2412019
2412127
2412667
2413423
2414179
2415691
2416123
2417419
2418067
2419363
2419579
2424547
2426383
2426491
2427247
2427463
2427571
2428651
2429083
2429731
2431999
2434483
2434699
2436211
2436859
2437399
2437507
2439667
2439991
2441071
2442367
2442907
2443879
2444203
2445283
2446903
2447551
2449171
2449387
2450143
2451871
2452951
2453707
2453923
2455003
2456191
2458459
2458891
2460187
2460511
2461807
2462023
2463319
2464939
2465263
2466883
2469583
2470123
2471527
2471743
2472823
2473147
2474119
2476711
2476927
2477899
2478331
2479627
2480383
2481139
2481247
2482111
2482651
2484271
2484379
2485027
2486971
2487619
2487943
2488699
2489239
2492263
2493019
2493559
2494099
2495071
2496691
2496799
2497771
2501119
2504791
2506411
2506843
2507383
2508139
2510083
2510623
2510947
2511811
2512999
2515159
2515699
2516779
2516887
2517211
2519047
2519479
2520127
2520451
2521747
2522503
2522827
2523043
2523907
2524339
2525851
2525959
2526607
2527579
2529199
2530063
2532007
2532763
2533303
2533627
2535571
2537191
2538703
2538919
2539567
2542483
2544643
2544967
2548531
2548639
2549611
2554039
2555011
2555767
2556739
2557279
2558251
2558683
2559223
2559439
2561491
2562463
2563543
2563867
2564407
2566027
2566351
2566783
2567647
2568187
2568403
2568619
2569267
2570671
2572939
2573479
2576719
2578987
2579419
2580607
2582551
2583631
2584279
2584819
2587411
2588059
2591623
2597347
2598751
2598859
2600803
2601127
2605663
2606311
2607823
2608147
2609443
2609767
2612143
2612791
2613763
2613979
2614303
2614627
2615383
2615707
2617651
2618191
2619163
2619919
2621431
2621863
2623051
2623807
2624023
2626291
2627047
2628559
2629639
2631043
2631259
2632447
2633203
2634823
2637631
2639251
2640871
2641519
2642707
2643247
2644219
2645191
2647459
2647999
2648323
2649403
2654263
2654803
2656207
2659339
2659771
2660311
2660527
2661067
2661283
2661931
2665063
2665387
2666791
2667439
2667979
2668411
2671651
2672083
2672731
2672947
2673271
2675863
2676187
2676727
2677159
2677267
2679211
2679427
2679643
2680831
2681803
2683423
2684287
2684611
2687851
2689903
2690767
2691523
2693359
2696167
2696923
2698651
2698867
2699623
2699839
2700811
2701459
2702107
2703403
2705779
2706427
2706967
2708263
2708371
2709019
2709667
2710207
2711287
2711503
2711827
2712583
2712691
2714743
2716579
2718523
2721223
2722843
2723167
2723599
2723923
2726299
2726839
2728351
2728567
2729107
2729539
2731699
2732671
2733427
2735263
2735587
2736451
2737639
2737747
2738179
2738503
2738719
2739043
2739151
2740987
2742931
2745091
2745307
2746603
2747791
2748547
2750491
2750707
2751787
2752003
2753407
2754379
2755567
2755891
2757187
2758807
2761183
2761723
2761831
2762479
2762803
2763883
2764423
2766259
2766367
2766583
2767231
2768203
2768959
2771767
2772199
2773387
2774143
2774251
2774683
2776303
2776843
2779327
2780083
2781271
2781487
2781703
2782567
2782783
2783647
2785051
2786779
2787751
2789263
2790019
2790883
2791531
2791639
2791963
2792827
2794879
2797363
2798767
2799091
2800927
2801251
2802871
2803303
2804059
2806543
2807191
2807407
2809783
2811187
2811619
2812267
2813563
2814319
2815507
2816263
2817127
2819287
2819827
2821771
2823607
2824903
2825227
2825551
2826847
2829223
2829439
2830627
2830843
2832679
2832787
2833111
2835271
2839159
2839483
2840239
2840779
2841427
2842291
2843803
2845099
2845639
2846719
2847043
2847259
2847583
2848663
2848771
2853307
2854171
2855683
2855791
2855899
2857303
2858059
2860327
2861623
2862487
2865727
2866159
2866807
2867023
2870911
2871019
2872531
2873179
2875339
2875447
2876959
2878039
2878147
2878903
2880739
2883007
2883547
2884627
2885599
2885923
2886139
2886463
2886571
2888191
2889163
2889703
2890999
2891431
2892619
2894239
2895643
2896507
2897263
2898451
2900503
2900827
2901043
2902447
2902663
2902771
2903419
2904067
2905363
2905687
2906011
2907631
2910007
2910979
2912059
2913139
2913247
2914111
2915299
2915623
2916271
2916919
2917567
2917891
2918107
2918323
2919619
2919727
2920591
2921239
2921563
2922103
2922859
2924371
2927611
2928691
2929231
2930527
2930743
2931823
2932147
2932903
2934091
2935171
2936251
2936683
2938627
2939059
2939707
2941651
2944891
2944999
2946187
2946511
2948779
2949319
2950291
2950939
2951371
2953207
2954179
2955907
2958607
2960011
2963683
2965519
2966599
2966923
2967787
2968111
2972107
2972323
2973403
2975887
2976319
2976643
2977831
2977939
2980531
2982691
2983879
2984743
2985067
2985391
2987659
2987983
2988523
2988631
2989927
2990791
2990899
2991871
2993167
2993491
2993923
2994031
2994463
2996299
2997271
2998243
2998999
3001267
3001591
3002239
3003643
3004723
3006667
3007423
3007639
3009043
3009151
3010339
3011311
3011527
3011959
3013147
3014551
3015847
3016927
3017251
3019411
3020923
3022543
3023191
3023623
3023947
3025459
3025567
3027187
3028699
3029563
3029779
3031291
3032047
3036043
3036151
3036367
3038311
3038851
3039499
3039823
3040579
3043063
3043387
3043603
3044791
3045979
3047599
3048139
3048247
3050947
3051487
3053431
3053971
3056239
3056887
3057319
3060451
3060559
3061099
3063799
3064123
3064987
3065743
3066067
3067039
3067903
3071143
3071251
3072439
3072871
3073087
3074167
3074707
3076111
3078919
3080971
3081943
3083779
3084427
3086371
3091987
3092851
3092959
3093283
3093823
3093931
3094687
3095227
3095551
3096199
3097711
3098899
3100087
3100843
3102571
3102787
3103543
3104623
3105703
3106459
3106783
3109159
3110671
3112399
3114343
3117043
3117799
3120067
3120499
3121039
3122983
3124279
3126223
3126547
3126979
3127843
3130111
3130759
3132379
3134431
3135079
3135943
3136267
3139291
3139399
3140911
3141883
3143071
3143719
3145123
3145771
3146743
3148039
3148687
3149983
3151927
3152251
3152467
3153223
3153439
3153763
3155923
3156031
3156463
3157111
3158299
3159271
3161647
3163051
3163159
3163483
3163591
3164779
3166831
3168019
3169963
3170287
3172879
3172987
3173311
3174607
3174823
3175687
3177739
3178387
3180007
3181411
3182167
3183679
3184003
3184651
3186919
3187243
3188431
3189619
3190699
3192967
3194047
3194371
3194803
3195019
3197287
3198799
3201067
3202039
3202363
3202471
3203443
3204307
3204739
3205063
3206899
3207007
3210463
3211867
3212191
3212947
3213811
3214027
3214567
3216079
3216403
3217699
3219967
3220831
3223531
3223963
3224719
3225151
3226771
3227743
3229579
3235087
3236923
3237139
3237679
3239947
3240703
3242431
3243511
3244159
3245131
3245239
3245779
3246319
3246751
3249343
3249667
3249991
3250099
3252043
3252367
3253231
3254203
3254527
3255283
3256471
3256579
3257119
3258091
3259387
3260683
3260791
3263599
3264571
3265543
3268891
3270187
3270727
3271159
3272023
3272779
3273967
3274291
3276667
3276883
3277531
3278179
3280231
3280663
3283471
3286603
3287143
3287359
3287899
3288547
3289843
3290167
3292327
3292759
3293839
3295351
3296647
3298807
3299239
3303127
3304099
3305719
3306799
3306907
3308959
3309499
3311983
3313603
3314791
3315223
3316087
3317707
3319003
3320299
3320623
3322027
3322351
3324187
3325051
3325159
3326023
3326347
3326887
3327859
3328723
3330667
3331423
3331639
3331747
3332611
3332827
3333907
3334339
3334663
3334879
3334987
3335743
3336283
3337903
3338119
3340387
3340927
3342439
3342979
3345247
3346003
3346219
3346867
3347299
3347947
3351511
3352483
3352807
3353023
3354427
3356047
3356263
3357019
3357451
3357559
3358423
3358963
3359287
3360043
3361123
3361447
3364579
3364687
3365443
3367387
3367927
3368791
3368899
3370951
3372247
3374407
3375703
3375811
3376459
3376567
3376783
3377431
3377863
3378619
3384883
3385099
3385423
3385747
3387691
3388663
3390391
3391039
3391471
3391903
3393199
3394819
3394927
3395143
3396439
3397411
3397519
3398491
3400543
3401731
3401947
3402271
3402379
3405943
3409507
3410479
3412099
3412207
3414043
3414259
3414583
3417607
3420523
3420631
3421603
3421711
3424411
3424951
3427327
3428839
3428947
3430351
3430783
3431431
3433051
3434671
3434779
3434887
3435967
3436291
3437911
3441799
3443743
3444499
3446551
3446659
3447091
3447739
3449683
3450871
3451627
3452923
3453139
3456703
3461347
3462103
3463183
3464803
3465559
3465991
3466423
3468259
3469447
3469771
3470743
3471283
3471607
3471931
3473983
3474631
3477763
3478087
3478411
3481327
3481759
3484567
3488887
3490183
3492019
3492991
3493099
3493423
3493747
3494719
3495043
3496123
3497959
3498283
3498823
3500443
3501739
3504439
3506383
3508867
3509299
3510163
3510271
3510487
3511567
3511891
3513079
3513403
3513511
3515131
3516319
3516427
3517399
3517939
3519343
3522583
3523231
3523447
3523771
3525391
3525499
3527659
3527767
3528631
3531007
3531331
3534787
3535003
3538999
3540619
3541051
3542779
3543643
3544939
3545263
3546451
3546883
3547099
3547207
3548071
3550447
3552931
3553579
3553903
3554011
3554983
3556711
3558223
3558439
3559519
3562651
3563083
3563407
3563731
3564703
3565567
3568483
3570319
3574423
3574639
3576151
3576583
3576691
3578203
3580579
3581551
3582091
3582739
3583819
3585331
3586087
3586411
3586951
3587923
3588679
3590299
3590623
3592243
3592891
3593539
3594403
3595051
3595699
3596023
3596239
3598723
3599047
3599371
3603151
3603583
3604771
3604879
3605743
3607147
3612331
3612547
3612979
3616111
3618163
3618919
3619459
3621403
3621727
3622051
3623887
3624319
3626803
3627451
3629179
3629719
3635011
3635551
3636631
3637279
3637603
3637927
3638251
3642031
3644947
3646567
3647431
3648079
3648511
3648943
3649699
3650887
3652507
3652939
3659311
3659959
3660823
3662767
3663199
3664279
3664711
3665791
3666979
3667303
3668059
3668383
3671839
3672811
3674971
3675187
3676051
3677239
3677347
3678751
3678967
3680371
3682531
3682639
3683179
3683287
3683503
3684151
3687391
3690091
3691603
3691819
3692683
3694843
3695491
3696139
3696247
3697867
3698839
3699379
3702079
3702943
3703267
3704671
3704887
3708559
3711691
3711907
3712231
3714391
3715363
3715687
3716227
3718279
3719791
3719899
3721087
3722491
3723787
3724543
3727459
3728863
3730159
3730483
3731887
3732103
3733507
3733831
3734371
3736423
3738583
3739987
3740311
3740851
3741823
3743011
3743119
3744523
3751003
3752191
3752299
3752731
3752839
3753487
3754243
3754567
3755431
3756079
3762667
3762991
3763531
3765799
3767527
3767851
3768823
3769471
3770119
3770443
3770659
3771091
3771847
3772387
3772711
3773359
3774871
3776167
3777139
3778111
3778651
3780811
3781243
3783727
3784051
3784267
3786319
3786751
3787291
3787723
3789127
3789883
3790531
3791719
3792043
3792367
3794419
3795283
3795931
3796363
3799603
3799819
3799927
3801223
3801331
3801439
3803491
3803599
3803707
3806083
3807379
3808243
3808999
3809539
3812023
3816019
3816559
3816667
3817963
3818071
3818719
3819259
3819367
3819691
3820987
3822823
3824551
3825091
3828007
3829087
3832111
3835243
3836431
3837079
3837187
3837511
3837727
3839023
3839131
3839347
3841291
3841399
3844963
3845287
3846259
3848419
3848527
3849499
3849823
3851443
3852631
3853279
3854251
3855223
3855979
3857167
3859327
3859759
3860083
3861811
3862783
3863107
3863971
3865591
3867859
3869263
3871423
3872503
3873151
3873367
3875743
3879199
3879307
3882547
3882763
3882871
3883519
3883843
3885031
3885787
3887623
3887731
3888163
3889027
3889351
3889891
3893563
3894103
3894211
3896047
3898639
3898747
3899611
3900691
3900907
3902851
3904903
3905119
3905443
3908467
3909979
3910087
3911059
3911923
3912031
3912247
3912463
3912679
3913543
3915487
3918511
3920131
3921859
3922507
3922939
3923047
3923911
3924343
3924883
3928123
3930391
3930607
3931363
3932119
3933091
3934603
3935683
3936007
3936223
3937303
3937411
3937951
3938167
3938923
3939031
3941083
3943243
3944107
3945079
3947023
3951559
3952099
3952423
3953827
3954259
3954799
3955123
3956311
3958039
3958147
3958363
3959551
3960631
3961171
3962467
3963763
3963979
3964087
3964843
3965707
3966139
3967111
3967651
3968299
3968947
3970459
3970567
3972187
3973807
3974023
3974779
3976183
3976507
3976831
3977587
3978451
3980071
3980287
3980611
3982987
3984283
3984499
3985903
3986767
3987523
3987847
3989467
3991087
3993247
3993571
3995623
3998107
3998539
3999511
3999727
4001779
4003291
4005019
4005343
4006963
4007827
4009339
4012147
4014739
4017547
4018087
4018627
4020031
4020139
4020463
4021543
4021867
4022407
4023163
4023703
4025431
4025863
4026619
4028347
4031803
4033423
4034071
4034827
4035043
4037851
4038607
4040011
4041199
4043899
4044223
4047787
4048111
4051891
4052107
4054159
4054591
4054807
4055347
4056751
4056859
4058371
4059883
4063123
4064311
4064527
4065283
4065823
4066039
4067227
4068847
4069063
4069603
4070683
4071439
4071763
4072951
4074247
4075003
4075219
4076299
4078891
4080403
4080511
4082347
4085047
4086343
4086559
4087207
4087639
4088179
4089259
4090663
4091959
4092931
4094011
4097683
4103083
4103839
4105999
4109023
4109671
4110319
4110751
4111291
4113667
4113883
4116043
4117123
4117231
4117339
4117987
4118419
4120471
4120903
4121011
4123927
4124899
4125439
4128031
4129003
4132351
4132783
4133971
4134619
4135591
4136239
4136887
4138723
4140883
4141747
4142287
4143043
4144663
4145419
4145851
4145959
4147147
4148227
4148983
4150171
4150819
4151683
4152763
4155247
4156219
4156651
4157191
4157947
4158163
4159459
4161727
4163347
4163671
4164319
4164967
4166047
4168207
4169827
4170583
4171771
4172851
4176307
4178359
4181059
4182463
4182571
4183111
4184407
4185703
4186999
4187971
4188187
4188403
4188619
4188727
4189267
4189699
4191427
4193263
4195531
4197367
4198879
4200607
4201579
4202227
4203847
4204819
4205143
4206439
4207843
4208059
4211083
4211299
4212919
4213999
4214647
4215619
4216591
4217779
4219183
4219507
4222747
4223071
4225339
4226203
4226527
4227283
4229119
4229443
4229767
4230847
4233007
4233331
4235383
4235923
4236679
4237867
4239271
4239811
4240783
4244347
4245643
4246939
4247371
4248667
4248883
4250179
4250611
4251259
4252123
4259251
4259683
4260007
4261087
4262491
4265083
4265731
4267891
4268647
4269403
4270807
4271347
4271563
4272859
4273183
4275127
4275451
4275883
4275991
4276099
4277179
4278367
4280959
4282903
4284307
4284523
4286251
4286467
4288087
4291759
4292083
4294351
4294567
4294891
4295323
4298131
4298887
4299103
4299319
4300183
4300291
4302019
4303099
4303207
4303639
4303963
4304827
4306231
4307203
4307959
4309363
4309471
4310227
4310659
4312171
4313467
4313791
4315303
4316707
4317571
4318543
4319947
4320487
4321243
4324807
4332151
4332259
4332583
4332907
4335823
4336471
4339927
4341223
4342627
4343491
4344139
4345111
4345543
4346623
4346731
4347703
4348459
4350403
4352239
4353211
4353319
4353859
4354183
4354939
4356883
4358719
4359799
4360123
4360663
4361311
4361419
4362607
4364551
4371139
4372003
4372651
4373191
4373623
4373731
4374919
4376539
4376863
4379887
4381183
4381939
4383343
4383451
4383667
4385071
4385611
4386259
4387231
4387987
4389823
4391011
4391767
4393063
4393387
4395439
4397383
4397599
4398787
4399327
4399543
4400623
4400839
4401919
4402351
4403431
4405699
4406023
4406671
4407103
4407967
4413583
4416067
4416499
4416823
4417363
4418983
4419307
4421467
4421899
4422331
4425571
4425679
4425787
4427083
4427623
4428379
4430431
4431079
4431727
4431943
4433887
4435183
4436587
4437883
4439719
4440367
4440691
4442311
4445659
4445983
4447819
4449763
4449871
4450519
4452139
4452571
4454299
4454407
4456783
4456891
4457539
4459159
4459267
4461211
4464451
4465099
4465639
4465963
4467367
4468339
4469203
4470931
4472443
4472551
4476331
4476547
4477411
4478059
4478707
4479031
4479247
4480867
4481083
4481299
4483891
4484971
4486051
4488103
4488643
4490263
4490587
4491667
4494151
4496311
4499659
4501171
4501927
4502359
4503007
4504627
4505167
4506247
4509163
4510351
4511323
4511971
4512619
4512727
4514023
4514239
4516507
4517587
4517911
4518559
4518883
4519747
4520071
4521367
4521799
4522339
4522447
4524283
4524607
4526227
4530871
4532707
4536703
4538323
4539511
4540807
4541347
4542211
4542751
4543291
4543723
4544479
4545451
4546963
4547503
4548259
4548799
4552687
4552903
4556467
4558087
4559491
4560571
4561003
4561327
4561651
4562731
4563271
4565107
4565863
4567267
4567483
4568023
4570723
4571263
4573207
4575799
4576771
4576879
4577311
4577959
4578391
4578823
4579039
4580011
4581307
4582387
4582927
4583899
4584331
4586059
4587571
4588219
4588543
4589407
4589731
4589839
4591459
4591891
4592647
4593619
4595671
4596211
4597291
4598371
4599883
4600423
4603987
4605067
4605607
4606039
4606579
4607227
4614031
4614139
4615003
4617271
4617919
4618027
4618351
4620943
4621159
4623211
4623427
4624507
4624723
4626019
4627423
4627747
4628287
4630231
4630447
4631203
4633471
4634767
4636603
4637359
4637683
4638979
4640599
4641139
4642867
4643299
4643623
4645243
4645891
4647079
4648807
4649779
4650427
4651291
4651399
4652911
4653343
4653667
4654099
4654207
4654963
4655503
4656151
4657123
4657771
4657879
4658419
4660147
4660471
4661011
4661119
4661983
4662631
4663063
4663279
4663927
4665547
4665979
4668247
4668787
4669111
4670191
4674403
4676239
4676671
4677319
4677859
4678183
4679803
4680451
4681423
4682719
4683907
4684447
4684987
4689847
4691143
4691899
4694167
4694923
4696651
4698271
4700323
4700863
4702267
4702807
4703131
4704859
4706047
4707667
4709827
4710259
4710907
4712203
4712959
4714363
4714903
4715551
4716307
4716739
4717819
4719007
4719331
4723219
4725271
4728403
4730347
4730779
4731319
4731751
4733263
4733371
4733587
4734559
4735531
4737151
4739743
4741579
4742443
4743091
4743307
4744387
4749139
4749463
4749571
4752379
4753459
4754863
4755403
4757887
4758643
4759723
4761019
4762099
4763071
4764691
4765771
4765987
4767067
4767391
4769227
4770631
4771171
4771279
4772143
4772683
4774411
4774519
4774843
4775167
4775383
4778407
4778731
4781323
4781971
4782511
4784239
4786399
4787371
4789963
4791043
4792987
4793203
4793851
4794607
4794931
4796767
4798711
4799467
4799791
4801519
4801627
4802599
4803247
4803679
4804867
4805191
4807459
4809187
4810483
4811239
4812427
4813183
4813723
4814263
4817179
4818907
4819123
4819447
4819987
4820203
4822039
4822687
4823983
4827547
4828303
4828519
4830247
4830571
4831759
4833379
4833487
4835647
4836943
4837051
4838347
4838887
4840939
4841587
4842883
4844179
4845151
4845583
4846987
4847743
4850011
4852171
4852279
4853467
4854439
4854547
4854763
4855519
4855951
4856707
4857679
4858111
4858327
4859083
4861567
4861999
4862863
4864591
4865131
4866859
4867399
4868371
4872583
4872691
4876687
4876903
4878091
4879711
4880791
4881007
4881979
4884247
4887919
4889431
4890943
4891483
4893103
4893643
4893751
4895263
4895587
4896019
4896127
4896559
4899151
4900123
4901851
4902823
4904443
4904659
4906063
4907359
4908331
4911031
4911463
4914379
4914487
4918267
4918699
4919671
4920967
4922803
4923883
4924207
4924531
4925719
4926043
4930363
4932199
4933171
4934467
4934899
4935223
4935979
4937167
4938139
4938247
4939003
4940407
4940731
4942351
4945159
4946131
4948939
4950343
4950991
4951963
4953043
4954987
4955311
4955851
4956607
4956823
4958227
4958983
4963411
4964059
4964383
4964599
4968487
4969567
4970863
4973131
4973347
4975507
4976263
4976911
4977559
4980583
4981231
4981771
4984039
4984687
4985443
4989979
4990303
4992787
4996891
4998619
4998943
4999591
5001319
5001643
5001967
5002507
5002939
5003263
5004127
5004451
5006503
5006719
5007907
5008123
5009959
5010283
5010931
5011579
5012011
5012659
5013199
5014819
5014927
5015467
5016439
5018491
5019139
5021299
5021407
5024323
5024647
5025187
5025403
5026159
5026807
5027887
5028319
5029831
5031127
5031991
5032099
5034583
5034691
5035339
5036851
5038147
5039119
5039227
5039767
5040523
5043547
5044951
5045059
5045707
5046247
5048839
5050567
5050783
5050891
5051107
5053051
5055319
5056291
5057047
5057911
5059207
5060071
5061799
5062663
5063743
5063959
5064823
5066011
5067739
5068279
5068927
5069359
5070007
5071519
5071951
5073139
5073787
5075407
5076703
5077243
5079079
5080051
5080267
5080483
5080591
5081023
5081563
5082211
5082751
5083723
5084263
5086423
5087179
5088907
5089339
5090419
5092579
5093227
5095927
5096251
5096467
5097223
5097979
5099383
5102407
5103379
5103811
5107699
5109211
5110723
5112127
5112451
5113747
5114827
5115259
5116987
5117851
5118283
5118931
5120119
5122387
5123143
5123467
5123683
5123791
5125951
5126059
5127139
5127247
5128327
5128867
5129947
5130163
5131351
5132539
5133187
5133511
5134159
5135023
5136427
5137399
5137939
5138803
5141179
5142799
5143447
5143771
5144851
5144959
5149063
5149927
5151007
5151871
5152519
5152843
5153923
5155219
5156839
5157487
5158999
5161267
5162671
5163859
5165803
5167207
5168071
5169907
5170339
5171311
5172823
5173039
5173579
5175199
5176603
5176711
5177467
5178871
5179843
5185027
5185351
5185567
5189563
5190103
5190319
5190859
5191831
5192371
5193127
5193451
5193667
5194963
5196043
5196259
5197663
5198203
5198959
5200579
5201767
5202091
5202739
5203171
5203711
5203927
5204791
5205979
5207599
5207707
5209543
5210839
5211919
5215051
5215699
5220883
5222719
5224231
5224339
5224447
5225419
5225743
5226391
5230171
5230279
5232223
5232547
5233087
5233411
5234167
5234491
5234599
5237191
5237731
5238487
5238811
5239783
5240647
5241403
5243023
5243239
5244319
5244643
5245831
5246911
5250043
5250151
5250367
5250691
5251663
5252311
5252419
5253607
5254687
5256847
5258683
5258791
5259223
5259547
5259763
5262463
5263003
5263327
5265487
5266351
5267323
5267539
5267863
5268619
5270131
5274127
5274667
5275639
5279203
5279959
5281147
5282119
5282443
5283847
5284171
5284387
5284927
5285143
5286331
5287627
5287951
5289679
5290651
5292271
5292487
5294539
5296699
5297671
5298103
5298751
5299183
5300587
5301883
5301991
5305771
5305879
5306419
5306527
5309011
5309659
5309767
5311063
5314303
5315491
5315707
5320027
5320351
5320999
5322403
5322943
5325319
5326723
5327587
5328451
5329099
5329531
5330719
5333311
5333743
5334283
5335039
5336659
5337307
5337523
5339251
5339791
5340547
5340871
5341627
5342167
5343139
5343463
5343787
5345083
5346919
5348323
5349187
5350159
5351131
5351239
5352643
5352967
5354803
5355451
5355991
5356963
5357503
5357719
5359231
5359987
5362363
5363443
5363767
5364091
5364199
5365819
5366143
5366359
5366467
5366791
5367979
5368411
5369491
5369599
5371543
5372947
5373163
5374459
5376727
5377051
5377159
5379643
5380723
5380831
5381263
5382991
5386123
5386879
5390443
5396491
5397247
5398543
5399839
5401027
5401243
5401999
5402431
5402647
5407399
5407939
5408047
5410099
5410963
5411071
5411503
5413987
5415391
5416363
5417551
5421547
5421763
5424031
5425111
5425327
5425759
5426947
5429323
5429539
5430619
5431159
5431807
5432239
5435047
5435803
5436127
5436667
5437639
5439583
5440447
5441311
5441419
5441851
5441959
5442067
5443363
5443903
5445199
5446387
5448979
5450707
5452327
5452543
5453191
5453947
5454811
5455459
5456107
5456863
5457079
5458051
5459347
5459887
5461399
5461723
5463019
5464747
5465611
5466259
5467879
5468527
5468851
5469823
5472307
5474467
5475331
5475979
5476843
5476951
5477599
5478787
5479867
5482459
5482783
5483971
5484079
5484187
5484403
5485591
5490883
5492827
5493583
5494339
5498443
5500171
5500279
5500819
5501143
5503411
5503843
5503951
5505139
5507731
5508703
5509027
5510539
5510647
5512483
5514211
5515399
5516587
5517667
5517991
5518099
5518423
5519719
5520259
5520799
5522203
5522311
5522851
5523499
5524039
5524147
5524903
5530087
5531059
5531599
5532031
5534623
5534839
5535379
5535919
5537863
5538079
5538727
5539267
5539591
5540023
5540239
5540347
5541427
5545531
5546287
5548771
5552011
5553091
5553739
5554603
5557843
5558599
5560759
5564323
5564539
5567563
5568643
5568859
5569507
5569939
5573179
5574043
5574367
5575447
5576959
5579227
5579983
5580307
5581171
5581603
5581819
5583763
5585059
5585383
5586463
5586787
5587003
5588083
5589919
5590567
5592187
5593267
5594023
5595427
5595859
5596183
5596831
5597047
5597479
5598667
5598883
5601151
5601367
5603419
5604607
5605147
5606119
5607631
5609683
5610439
5610763
5611951
5613031
5613571
5616271
5617783
5618863
5620159
5620807
5621779
5622103
5622319
5623291
5624587
5625667
5626207
5627719
5628151
5630203
5630419
5630743
5631499
5631823
5633119
5635711
5636251
5636359
5636899
5637007
5637439
5637871
5640463
5641327
5642083
5642191
5642839
5644351
5646943
5647267
5647591
5650507
5651263
5654071
5654179
5654503
5655367
5657851
5659363
5661631
5662927
5663467
5664979
5665519
5668759
5669731
5669947
5670703
5674267
5675563
5676211
5676427
5677723
5680963
5682151
5682907
5683987
5685283
5685607
5686147
5687119
5687551
5687767
5689819
5690791
5692411
5697487
5697919
5698783
5699431
5699647
5700943
5702023
5702131
5703319
5703751
5704291
5706343
5707963
5709799
5711203
5711851
5712823
5715091
5715631
5716387
5719303
5719843
5721139
5722111
5722219
5722867
5723083
5724163
5724811
5726323
5729239
5730103
5731291
5734207
5734747
5735179
5736151
5736691
5738419
5738743
5739607
5742523
5742631
5743279
5743819
5744143
5745979
5747491
5750083
5750623
5751919
5753323
5753647
5753971
5754187
5755051
5755159
5756131
5756887
5757967
5758723
5759911
5760343
5762179
5764663
5765959
5766499
5767903
5768011
5768443
5768551
5769199
5770819
5771683
5772007
5772763
5774059
5782807
5783779
5784211
5784319
5784967
5785399
5786479
5786587
5788207
5788423
5788639
5788963
5791771
5791987
5792419
5795767
5796631
5797063
5797387
5799007
5799223
5800303
5801599
5801923
5803867
5808403
5809051
5809159
5810023
5813803
5814559
5815423
5818987
5820499
5822983
5823523
5825251
5825899
5826763
5828491
5829139
5829463
5829679
5836807
5837131
5838211
5840047
5840371
5841559
5841991
5842099
5844043
5845339
5847823
5848471
5849119
5849551
5851063
5851711
5852251
5852359
5852467
5852683
5855167
5855383
5858947
5859487
5860243
5861539
5863051
5863699
5864347
5865103
5865751
5865967
5867803
5868019
5868127
5870611
5871907
5873851
5874607
5875687
5876011
5878063
5878603
5878927
5882059
5882923
5883679
5884003
5884759
5884867
5885731
5887351
5887459
5888431
5894479
5896207
5896963
5898367
5900743
5901607
5902147
5902363
5902903
5905279
5906899
5907871
5908519
5909383
5913379
5914999
5915323
5915431
5915863
5916511
5917267
5918239
5919427
5920399
5921371
5922127
5922451
5922667
5922883
5925583
5926231
5926447
5927419
5930227
5932063
5933251
5933467
5933791
5935627
5936059
5937247
5938003
5938327
5939623
5940271
5940811
5942863
5943187
5944483
5945671
5946103
5947723
5948587
5951611
5952151
5952259
5952799
5953879
5955067
5955823
5959279
5960683
5961547
5963599
5966839
5967487
5971591
5971699
5971807
5972671
5975911
5977747
5979151
5979583
5980339
5981851
5982931
5983903
5984227
5984659
5986819
5986927
5987467
5989843
5991031
5992111
5992759
5993623
5993947
5994379
5995243
5996539
5996863
5999779
6000859
6001291
6002047
6002371
6002911
6004639
6005287
6007231
6007663
6007879
6009067
6009499
6011767
6012091
6013387
6013927
6014467
6015007
6015439
6015979
6018787
6020299
6020947
6021811
6023107
6023863
6023971
6027751
6029047
6029371
6031423
6032179
6034123
6034771
6039091
6040063
6042007
6042331
6043519
6045463
6046219
6047191
6047731
6048487
6050431
6051079
6051403
6053563
6054319
6054967
6055507
6057343
6057451
6058099
6059503
6059611
6059719
6060367
6061123
6061339
6061987
6062743
6063391
6063931
6066199
6068899
6069871
6071059
6071383
6073003
6073867
6075379
6076783
6077971
6079159
6079267
6079483
6082183
6082399
6082939
6083479
6084019
6084451
6086287
6086827
6087583
6087691
6088879
6089851
6090499
6092227
6092659
6092767
6093739
6095359
6097303
6097411
6098383
6099571
6100111
6100867
6102487
6102919
6104431
6106483
6107347
6107671
6107779
6108103
6109291
6109399
6110263
6113827
6114151
6114259
6114799
6117823
6119119
6122251
6123223
6123979
6124303
6126787
6129379
6129811
6130459
6132403
6133159
6133591
6135643
6135859
6136399
6136939
6139099
6139531
6141691
6142663
6142987
6144283
6144499
6145903
6146227
6146983
6147307
6147847
6148603
6149251
6149791
6151843
6152383
6152491
6153139
6154111
6155299
6156919
6157351
6159619
6160699
6164371
6164803
6166639
6168367
6168691
6169987
6172363
6175711
6177007
6177331
6177763
6177979
6178087
6182083
6182623
6183487
6185539
6186619
6188779
6189103
6190291
6191371
6192127
6192883
6194827
6195799
6196123
6198391
6199363
6200443
6200659
6201739
6202711
6203251
6205519
6207139
6208759
6209191
6209299
6209407
6211027
6212971
6214267
6214591
6214699
6215347
6216967
6217831
6219667
6219991
6220099
6221179
6221827
6223771
6225607
6225931
6226687
6226903
6228631
6228847
6229819
6230251
6230899
6231439
6232087
6232411
6232843
6233167
6234247
6235111
6235219
6235543
6236299
6236623
6237379
6237811
6238891
6239539
6240187
6241267
6241483
6242239
6242779
6243859
6245047
6245803
6246127
6248611
6248719
6251527
6251851
6252823
6256819
6257143
6257791
6258331
6258979
6260923
6261247
6261571
6262759
6264919
6265243
6266107
6268159
6268807
6272263
6274531
6275179
6276583
6276799
6277123
6277987
6278527
6278851
6281659
6281767
6281983
6283279
6283603
6284251
6284683
6285007
6287923
6288463
6288787
6289867
6290839
6291487
6295483
6297751
6299803
6300451
6300667
6301531
6303043
6303151
6305203
6305311
6306283
6307039
6307363
6308983
6310279
6311251
6312979
6315139
6316003
6319351
6319891
6320323
6320971
6323887
6324427
6325183
6325831
6327991
6328099
6328639
6329503
6330043
6333931
6334147
6334579
6335551
6335767
6336091
6337819
6341059
6342031
6344407
6344623
6345271
6345919
6346243
6346783
6349051
6349267
6351859
6351967
6352183
6352399
6354559
6355963
6356179
6356611
6357907
6358123
6359203
6360391
6361039
6362227
6362443
6362659
6363199
6363307
6364063
6364279
6364819
6366223
6367303
6367951
6370219
6370543
6371083
6371191
6372271
6373459
6374971
6375079
6375403
6377887
6380263
6381127
6383071
6384691
6384907
6385447
6385987
6389983
6390199
6390847
6391927
6392143
6392899
6395707
6396679
6397003
6397327
6398731
6402619
6403051
6404131
6404239
6404779
6406831
6407263
6407371
6408991
6409747
6411259
6412339
6413419
6414391
6415363
6417739
6417847
6418171
6418387
6419467
6420763
6422599
6426163
6428647
6429187
6429727
6430159
6432427
6433291
6435019
6435343
6435991
6436531
6438151
6438583
6438799
6439123
6440419
6442039
6443011
6444631
6445711
6447547
6449491
6451111
6451759
6452839
6453163
6454783
6455431
6455863
6456943
6457699
6458563
6461263
6461803
6462667
6463099
6464611
6466123
6466771
6468391
6469039
6470551
6470983
6472171
6473251
6474439
6476383
6479191
6481243
6482431
6483403
6484267
6486751
6487399
6488263
6488371
6489451
6489667
6494959
6495607
6496471
6498091
6501007
6502627
6503923
6505003
6505327
6505867
6506299
6507271
6508891
6509863
6510079
6510727
6512347
6513427
6514939
6516667
6516883
6518503
6520771
6521527
6522499
6522931
6524659
6524983
6527251
6528331
6528871
6528979
6529519
6532543
6533623
6534379
6535027
6535999
6538267
6539347
6539671
6540967
6541723
6541831
6541939
6542803
6543127
6544423
6545827
6547447
6548743
6549391
6549931
6551011
6555007
6555223
6556519
6559219
6559759
6559867
6560299
6560731
6562351
6563863
6564511
6565807
6566563
6566779
6567751
6568183
6568399
6569047
6569371
6570451
6572287
6573907
6574879
6575851
6576931
6577579
6578227
6581143
6581683
6584707
6587947
6588487
6589243
6589567
6593023
6594751
6596911
6598639
6599071
6599287
6600259
6602203
6603391
6604471
6605119
6605983
6606631
6606739
6607063
6607819
6609007
6609331
6610951
6611491
6613111
6615487
6616783
6618511
6619051
6622939
6625207
6625747
6630607
6631039
6635467
6635791
6636979
6637303
6637843
6638167
6639679
6640003
6640111
6640327
6640651
6640759
6641083
6642379
6642919
6643999
6645187
6645619
6647887
6649399
6649723
6651343
6652963
6655879
6656311
6656527
6657067
6657283
6658471
6658903
6660523
6663763
6664087
6664951
6665059
6665383
6665707
6668839
6671323
6672187
6673159
6674779
6678667
6678883
6679423
6680287
6682231
6685687
6686983
6688603
6690331
6691519
6691843
6692167
6692923
6693571
6696163
6696919
6697459
6699619
6699727
6701131
6701347
6705019
6706099
6706207
6706747
6708907
6710419
6712903
6714523
6715171
6715279
6716791
6718087
6719491
6724351
6727267
6728131
6728563
6732127
6732343
6736123
6736339
6736987
6737527
6739147
6740659
6742171
6743683
6744007
6744979
6749191
6749299
6750487
6750703
6750811
6751243
6751891
6753727
6754051
6755563
6755779
6758047
6759019
6759667
6760639
6765067
6765391
6765823
6767119
6770143
6770359
6770683
6771979
6772951
6773491
6774247
6777811
6778027
6778351
6779323
6780619
6781051
6783211
6784291
6787639
6787747
6788179
6791311
6793687
6795199
6796819
6798223
6798763
6800491
6801787
6802219
6803623
6803947
6808267
6809779
6812371
6812479
6812803
6814099
6815719
6816907
6818527
6821443
6822199
6823819
6824359
6824791
6825979
6827923
6829651
6830623
6830947
6831163
6831271
6831703
6831919
6833539
6834511
6835051
6836131
6836671
6837319
6837751
6838399
6839263
6839587
6842179
6842827
6844447
6844771
6844987
6846391
6847147
6848659
6851683
6852871
6855139
6855463
6855787
6856111
6856543
6857407
6861079
6861187
6862267
6863347
6864211
6864427
6866263
6868207
6870043
6870151
6872311
6872959
6874039
6874687
6875767
6876631
6877603
6877711
6878143
6878467
6881167
6882679
6882787
6883543
6883867
6884947
6886027
6886567
6887863
6889483
6891211
6891427
6894127
6894991
6895639
6895963
6897691
6898663
6900499
6902767
6903739
6904927
6906763
6908059
6909247
6909571
6910759
6910867
6912487
6913351
6914431
6916051
6918427
6919399
6920371
6920587
6921883
6923503
6924583
6925123
6926743
6926851
6929443
6929983
6931387
6933007
6933547
6936031
6937111
6939487
6940783
6940891
6941107
6941323
6944779
6946831
6946939
6947803
6947911
6949207
6950179
6951151
6952987
6953959
6954391
6956659
6957631
6960223
6960439
6960763
6961519
6962167
6963031
6964003
6964651
6964759
6966703
6966919
6967351
6972319
6974371
6975127
6975343
6977071
6977287
6979663
6980419
6981283
6981823
6982579
6985603
6987979
6989383
6989599
6989923
6990679
6991003
6993163
6994027
6994459
6994567
6994891
6996079
6997807
6998779
6999103
7001047
7001803
7002019
7002883
7003639
7003963
7004611
7005151
7007311
7007527
7009147
7009363
7010011
7010119
7010659
7011307
7013899
7014979
7015627
7016599
7016923
7018867
7019731
7020379
7022971
7023619
7024051
7024267
7025563
7027183
7027939
7030099
7030423
7030531
7031071
7031503
7032799
7033231
7033339
7033771
7035607
7036363
7036903
7037551
7038631
7040899
7041439
7043383
7044139
7044679
7045111
7046407
7046731
7047379
7048567
7050187
7050403
7050619
7055047
7055371
7055803
7056451
7058287
7058719
7059043
7059691
7060231
7061203
7063579
7067143
7067251
7068007
7070059
7070599
7070923
7072003
7072543
7074163
7075027
7075459
7076107
7076863
7077079
7077727
7078699
7079671
7082371
7083343
7084531
7086367
7086907
7087771
7089067
7090147
7092091
7092307
7093711
7094251
7094683
7096951
7098463
7100083
7101163
7103647
7104619
7105051
7107643
7107967
7109803
7109911
7111099
7111207
7111963
7112503
7114123
7115203
7115959
7117147
7119523
7120279
7122007
7122763
7123411
7125463
7127083
7127623
7128703
7132159
7132267
7132591
7134859
7135831
7136047
7137343
7138639
7139071
7139287
7141231
7142203
7142851
7142959
7144903
7146199
7147927
7148683
7149007
7151059
7152247
7154839
7155271
7155919
7156999
7160347
7161103
7161859
7163911
7164559
7166827
7170067
7170607
7174711
7174819
7174927
7175251
7175359
7176979
7177627
7179247
7180759
7183243
7183459
7183783
7184539
7185943
7187347
7188211
7189939
7190263
7190803
7191127
7191991
7193071
7194151
7194367
7194907
7197283
7197391
7197607
7198039
7198363
7199659
7201927
7202467
7202683
7205167
7205383
7208623
7209271
7209703
7209919
7210243
7211863
7212943
7214131
7214887
7215427
7216507
7216723
7219963
7221367
7222771
7223959
7224823
7225039
7226119
7227739
7232707
7235299
7235623
7236487
7241131
7241347
7241671
7242643
7242751
7242967
7243399
7244047
7244371
7245019
7245127
7250527
7252363
7254307
7254847
7255711
7256251
7259167
7259491
7260787
7262191
7263163
7265107
7265971
7266079
7267591
7268347
7269643
7271479
7271587
7271911
7273099
7273639
7274719
7276447
7276771
7276987
7278067
7279039
7279579
7282279
7284223
7285519
7288111
7288651
7288759
7289731
7293079
7293619
7293943
7295131
7295671
7295779
7296103
7296427
7296643
7298479
7298911
7300639
7300963
7301071
7302583
7303339
7303663
7304527
7304851
7305499
7305607
7306471
7308739
7309279
7310467
7312087
7312411
7314679
7315543
7316191
7316299
7322131
7322779
7323319
7325587
7325803
7326019
7326883
7327963
7329151
7333147
7334443
7336279
7336387
7336711
7337683
7338871
7340167
7341247
7341463
7342003
7344487
7345783
7346107
7347619
7348807
7352803
7353127
7355503
7356799
7357771
7358419
7359067
7360363
7360579
7361551
7361659
7363171
7365439
7365871
7366951
7369651
7369759
7370731
7372243
7374403
7374511
7374943
7377103
7377751
7381639
7381963
7382719
7383367
7385527
7386607
7388443
7388551
7389091
7393411
7394599
7399459
7401619
7401943
7402051
7403023
7403131
7403887
7405399
7406479
7408207
7409827
7410259
7411879
7413499
7414039
7415119
7416091
7416307
7418899
7420519
7420951
7421383
7421923
7423111
7424083
7424299
7425703
7428079
7430023
7430131
7430239
7431211
7431643
7431751
7432939
7435531
7436071
7436719
7438339
7438447
7438987
7439851
7441039
7441363
7442983
7443199
7445467
7446763
7447087
7448167
7448491
7448599
7449679
7449787
7450543
7450867
7451623
7452271
7453027
7453891
7454107
7456159
7458103
7459183
7459399
7461019
7461127
7461667
7462639
7462747
7468147
7472359
7473007
7473331
7477651
7478299
7480027
7480783
7483159
7484023
7484779
7485427
7487047
7487371
7487911
7488127
7488667
7488991
7490827
7491907
7493419
7493527
7493851
7495039
7496011
7496767
7497739
7498927
7499683
7500223
7500547
7500979
7501843
7501951
7504543
7505299
7507459
7508647
7509727
7510267
7511347
7512319
7512751
7515883
7517287
7517827
7519339
7520311
7520419
7521607
7521931
7524631
7526143
7526791
7526899
7528519
7529707
7530139
7531651
7532299
7532839
7534027
7534243
7535971
7536187
7536511
7536943
7537591
7537807
7538887
7539643
7540399
7540831
7541371
7542019
7542991
7543531
7543639
7547851
7550119
7552387
7557031
7559191
7559623
7559947
7560811
7562431
7563943
7564159
7565347
7567291
7567831
7568047
7569343
7569559
7570207
7571611
7572907
7577659
7580359
7583599
7583707
7584463
7585867
7587379
7587703
7588027
7588351
7593211
7593319
7593643
7593967
7595479
7596451
7597531
7598179
7598827
7599043
7600339
7603147
7604983
7605523
7606171
7606603
7608439
7609843
7611139
7611787
7612327
7615999
7616863
7617403
7620427
7621723
7622371
7623127
7623559
7624423
7626259
7626583
7626691
7627231
7627447
7627663
7628527
7629283
7631551
7634359
7636411
7638031
7639327
7641811
7642567
7643431
7644079
7645159
7645483
7646671
7646887
7647103
7647427
7648939
7649263
7650343
7652287
7653259
7653799
7655203
7655311
7656499
7656823
7657579
7657687
7660603
7662331
7665247
7665571
7665787
7666543
7673671
7675939
7677991
7681123
7681771
7682743
7683931
7686631
7688143
7689223
7691707
7695379
7695487
7696243
7697971
7698619
7701103
7701319
7702399
7702507
7702831
7704127
7706719
7707907
7708879
7710823
7711471
7711903
7712767
7713847
7715359
7716547
7716763
7718707
7719247
7720759
7721947
7722919
7723567
7723999
7726051
7727131
7727779
7728103
7728211
7729507
7730911
7731883
7733179
7741387
7741711
7742143
7743871
7746031
7747219
7747867
7748407
7748623
7749487
7750459
7752079
7754563
7755427
7758343
7760827
7761799
7762771
7763311
7764391
7765579
7766443
7768171
7770871
7771087
7771411
7771843
7772059
7773463
7774651
7775623
7778539
7780159
7781239
7781779
7783507
7784479
7786099
7787503
7787719
7788367
7788691
7789987
7791283
7791499
7791607
7792363
7792471
7795819
7797547
7797763
7800571
7805107
7805323
7805647
7808131
7808347
7809751
7810183
7810291
7810399
7812127
7812559
7814179
7815151
7815799
7817743
7818607
7820983
7821523
7823143
7823899
7824331
7827139
7828111
7830271
7830703
7832647
7833619
7834051
7834699
7836427
7837831
7838587
7839451
7840207
7843123
7843663
7844959
7845931
7848307
7851007
7851871
7851979
7852087
7853059
7853491
7854031
7855651
7857271
7858027
7858783
7858891
7860187
7861159
7861591
7862887
7863211
7865047
7866127
7867747
7868719
7870231
7870879
7871203
7873147
7873903
7877143
7877791
7878007
7879303
7879411
7881031
7882219
7883299
7883839
7885567
7887403
7889347
7890319
7890427
7890859
7893019
7893451
7894639
7895179
7899391
7899499
7901767
7901983
7903279
7903711
7905223
7906627
7908139
7909219
7910407
7910731
7912351
7912999
7913431
7914619
7914943
7916023
7917211
7919479
7920883
7922503
7923043
7923691
7924879
7925959
7926067
7926823
7927039
7929199
7929307
7931467
7932871
7934167
7934383
7934491
7935679
7937191
7937299
7937731
7938163
7938919
7939027
7940539
7943239
7943563
7944103
7949287
7953499
7955011
7955551
7955767
7956523
7956631
7956847
7957387
7958143
7958791
7959331
7962571
7965271
7965487
7966351
7967107
7969051
7969807
7970023
7971643
7973047
7974991
7975531
7977259
7977583
7977799
7978771
7980067
7980391
7981147
7983631
7985683
7986007
7986331
7987627
7987843
7988923
7989571
7990111
7991083
7991407
7991623
7994647
7994971
7995727
7997239
7999507
8000479
8000911
8001559
8002639
8003071
8004151
8005339
8005663
8007283
8007931
8009011
8010199
8010631
8011819
8012467
8012791
8014519
8015383
8016031
8016247
8017111
8017327
8018299
8020027
8020567
8021863
8022403
8022943
8023591
8024239
8024563
8025103
8025211
8026507
8026831
8032879
8032987
8035903
8037739
8037847
8038279
8038819
8039359
8039683
8039791
8040763
8041087
8041303
8044867
8045623
8046487
8046811
8048539
8050807
8052103
8052211
8053183
8054587
8057503
8057611
8057827
8061499
8061607
8063119
8064739
8065279
8066251
8066683
8067547
8068303
8068519
8068843
8069491
8069599
8074999
8075107
8076403
8078347
8078671
8080507
8080939
8081263
8081803
8082127
8082343
8082559
8084179
8085691
8086879
8092927
8093251
8094223
8094439
8095411
8095951
8096383
8096923
8097031
8099083
8100919
8101351
8101459
8101567
8103187
8103619
8104483
8105347
8106211
8107831
8108047
8110423
8112691
8113663
8118199
8118739
8119711
8121331
8121439
8122843
8122951
8123383
8124679
8125543
8125867
8127271
8129323
8129431
8129647
8131159
8131699
8132347
8134723
8136991
8140123
8141851
8143147
8144443
8146387
8146603
8146711
8147899
8148871
8148979
8149303
8149627
8149951
8150491
8151463
8151571
8153191
8154163
8154379
8155027
8155999
8157187
8157727
8160211
8161183
8164099
8165503
8166799
8167447
8167771
8170039
8170579
8171227
8171983
8172847
8174251
8175439
8176087
8178031
8178463
8179219
8179867
8180083
8180299
8181379
8182243
8187211
8187427
8188399
8189047
8189263
8190667
8191639
8193259
8193907
8194987
8195527
8195959
8196607
8196823
8196931
8197471
8198551
8199091
8201467
8203087
8207191
8208271
8210107
8211403
8212591
8213131
8213347
8213671
8214103
8214211
8214319
8214643
8215399
8216371
8217667
8224903
8225983
8226091
8226307
8227279
8230951
8231491
8232571
8233111
8233759
8236567
8239051
8240671
8240779
8241859
8242183
8244343
8244559
8247583
8248987
8250391
8250607
8252227
8252551
8252659
8253523
8255791
8256223
8257519
8259463
8260111
8265511
8265619
8267887
8268751
8269507
8273719
8275987
8276311
8276743
8280199
8280739
8281387
8282467
8282683
8283439
8284303
8285059
8285383
8289271
8289487
8290459
8290567
8290999
8292079
8292187
8293699
8294347
8294779
8295751
8296723
8297587
8298019
8298559
8299099
8299639
8300503
8300827
8301259
8302123
8302447
8303203
8304607
8305039
8306119
8307307
8307631
8310007
8310871
8312599
8313247
8313463
8316163
8317999
8318647
8318971
8319943
8320051
8320267
8320591
8322967
8323831
8324803
8327503
8329987
8331607
8334847
8335279
8336467
8337223
8339167
8339491
8340679
8342947
8345971
8347267
8347699
8350399
8352451
8353747
8355043
8355583
8355691
8356879
8357203
8358283
8359579
8360227
8360767
8362819
8365303
8365843
8366599
8367031
8367571
8367679
8369299
8369947
8370487
8372971
8373511
8373619
8375023
8375347
8377399
8378803
8380531
8382151
8382259
8385499
8386039
8386471
8388091
8390359
8392519
8392843
8393599
8397379
8398567
8399107
8400619
8400943
8401051
8404939
8405263
8405587
8406127
8406667
8407099
8407423
8409691
8411419
8412823
8413687
8414011
8415091
8418331
8418547
8419303
8419519
8419843
8421463
8423407
8423731
8424487
8425243
8425891
8426647
8426863
8428159
8429131
8431723
8434963
8435719
8438959
8440147
8441227
8443711
8443819
8443927
8444467
8445979
8446303
8446951
8449327
8450623
8450947
8451271
8451811
8452783
8454727
8455483
8455807
8456131
8456347
8457103
8457643
8459371
8461639
8463799
8464447
8466499
8468767
8469091
8469631
8470711
8470927
8472007
8472547
8473627
8474707
8474923
8475139
8477083
8478163
8481727
8485507
8490043
8490583
8490799
8492959
8493283
8494039
8494687
8495659
8496091
8497387
8498143
8499763
8500519
8503219
8504299
8507647
8508403
8509483
8511319
8511859
8512723
8512831
8513803
8514343
8517583
8518231
8518339
8523631
8525791
8527951
8528383
8530003
8530219
8531947
8533783
8534107
8535727
8536699
8536807
8537671
8538319
8540047
8543827
8545123
8545447
8548039
8548363
8551063
8552359
8553547
8554951
8556571
8557867
8558083
8558731
8562079
8562943
8565211
8566399
8568019
8568559
8569747
8569963
8570719
8571691
8571799
8573743
8574067
8574823
8575579
8577307
8577847
8578711
8579251
8580763
8581087
8581411
8581519
8582383
8582491
8584327
8584759
8588539
8588647
8588971
8589619
8589943
8590159
8591887
8594263
8594371
8595019
8595451
8596639
8598367
8598691
8599771
8600959
8601391
8601823
8605171
8607871
8608627
8610247
8611219
8612839
8614783
8616187
8617699
8618131
8620723
8621479
8621911
8622883
8623963
8624179
8627851
8630983
8631199
8631307
8632279
8633899
8635087
8635951
8636491
8637247
8637787
8638867
8639299
8640703
8641783
8642107
8643619
8645023
8645239
8645887
8647183
8649451
8650423
8651179
8656363
8656903
8657983
8658739
8658847
8659279
8659927
8661871
8662411
8664787
8665651
8667271
8670619
8672779
8674399
8675047
8676991
8678179
8681311
8681851
8685199
8685631
8685739
8685847
8687359
8687467
8689627
8690599
8691247
8693407
8693623
8696431
8697511
8698699
8699239
8700751
8701723
8702587
8705611
8706367
8707123
8708527
8710147
8710903
8711767
8712091
8713603
8714467
8714683
8717491
8718247
8719219
8720191
8720407
8721379
8721487
8722027
8722459
8722999
8723107
8724619
8724943
8725051
8725699
8727211
8727427
8727643
8730343
8731531
8732719
8733691
8735743
8738011
8741143
8741251
8743087
8743411
8743843
8747083
8748811
8749891
8750107
8751619
8751727
8753023
8753887
8757019
8757127
8758747
8760799
8761339
8762203
8763283
8765551
8766523
8767711
8768467
8769547
8772139
8772679
8774083
8774191
8774299
8776567
8776783
8776891
8777971
8778727
8779807
8781319
8781967
8782723
8783371
8783587
8784667
8786611
8788447
8788771
8792551
8794603
8795467
8795791
8796331
8796547
8799247
8799463
8800111
8800867
8801083
8801623
8802811
8803027
8803351
8806591
8807563
8807671
8808211
8808967
8812207
8813503
8816959
8817283
8817607
8821387
8825059
8827327
8830243
8830891
8830999
8833159
8834131
8835751
8836183
8838019
8838343
8838451
8841367
8842231
8844931
8849791
8852059
8852707
8852923
8857999
8864371
8864587
8865019
8865991
8868151
8868907
8872363
8872471
8874199
8874631
8877331
8878411
8880463
8882191
8883271
8883379
8883487
8884783
8887051
8887699
8888023
8888563
8892451
8896339
8897311
8898391
8898931
8904871
8905843
8906707
8910271
8910379
8912107
8912971
8914051
8914483
8915131
8918479
8919019
8921287
8922259
8923339
8923987
8924743
8925283
8926363
8928523
8928847
8930143
8932951
8935651
8936623
8937811
8937919
8940187
8940727
8942347
8942671
8942779
8945047
8946991
8947639
8948503
8949151
8951419
8951851
8952499
8955307
8956063
8957251
8957899
8958331
8958871
8959303
8963191
8968051
8971939
8972263
8973667
8976043
8978311
8978743
8980579
8982091
8984251
8985763
8989759
8990083
8990407
8990623
8990731
8991379
8993863
8994943
8996131
8997103
9000127
9001747
9001963
9004771
9006391
9006499
9007903
9008119
9009199
9010063
9010279
9010711
9012007
9012979
9014167
9014923
9016327
9016543
9017839
9017947
9018379
9018487
9019459
9019567
9019891
9020107
9021511
9022159
9022483
9022807
9024427
9026263
9027127
9027559
9030583
9033391
9033499
9034471
9036091
9036739
9037279
9037603
9037927
9038683
9039007
9045811
9046459
9051859
9052507
9053047
9053587
9054667
9055099
9057151
9058771
9059851
9060067
9060607
9062983
9064063
9065143
9065899
9067087
9067843
9069139
9072919
9074323
9075511
9077347
9079183
9079723
9080263
9080371
9080479
9081991
9082747
9084043
9085339
9086851
9088147
9090847
9091387
9092143
9093871
9095923
9097003
9099487
9100891
9101539
9108559
9109207
9110287
9112231
9113851
9115471
9118063
9118387
9118927
9119359
9119899
9120871
9121627
9121951
9122599
9123463
9126163
9126703
9127891
9128323
9129619
9129943
9131779
9133183
9133291
9134479
9134803
9135883
9137179
9138043
9139771
9139987
9141823
9143011
9143983
9144631
9146359
9147763
9149167
9151003
9151759
9152947
9156619
9157807
9159427
9159751
9159859
9161263
9161371
9162343
9163639
9163747
9163963
9166879
9167203
9167311
9167959
9168499
9169471
9170011
9170443
9170983
9173683
9175843
9176599
9177031
9178327
9179839
9185347
9186427
9187183
9188371
9189127
9189343
9190963
9191827
9193231
9197011
9199063
9199279
9199711
9206083
9206191
9207379
9209107
9209323
9210727
9212347
9212563
9213319
9213751
9214831
9215911
9216451
9217423
9218827
9219367
9219799
9221959
9227143
9227791
9228223
9229411
9230707
9231139
9231247
9233299
9233407
9234271
9234919
9237187
9239563
9241723
9241831
9242479
9243991
9244099
9244423
9244747
9246907
9250903
9251227
9252847
9253711
9254359
9255007
9256411
9258679
9261163
9261487
9262783
9263539
9263971
9264403
9268291
9268939
9273799
9273907
9274879
9276391
9276499
9277039
9277363
9278443
9280279
9280387
9280603
9280927
9284923
9285571
9286219
9289351
9289459
9290539
9292051
9293239
9294643
9295831
9296803
9298747
9299179
9299827
9300043
9301339
9301987
9303823
9305119
9305227
9305551
9306307
9307063
9307819
9310087
9311167
9311707
9311923
9312031
9313111
9313651
9314299
9314947
9315703
9315811
9316891
9318403
9322507
9323047
9324019
9324451
9325207
9327151
9327583
9327907
9328447
9329527
9332119
9333847
9334387
9335143
9336331
9336979
9337411
9340003
9341623
9343783
9344539
9348319
9348967
9349399
9349723
9351127
9352531
9354799
9355231
9355447
9356311
9356419
9357391
9358471
9359227
9359443
9361063
9361603
9364627
9367543
9369271
9370351
9373591
9374023
9374347
9374887
9376183
9378451
9378559
9379099
9380827
9381259
9381367
9382123
9383851
9384931
9385471
9386659
9387199
9389467
9392059
9392167
9393463
9395083
9395731
9396271
9397351
9397459
9398971
9400591
9401023
9402103
9403183
9404803
9405127
9405343
9406099
9407719
9408583
9408799
9409339
9410311
9411607
9412147
9414091
9415387
9416359
9417763
9419923
9424351
9425431
9428131
9428563
9429967
9430723
9432343
9432559
9432667
9432991
9435583
9436123
9436447
9437203
9439147
9439363
9440443
9441739
9441847
9442063
9446707
9447787
9448759
9450811
9453079
9454051
9454591
9457507
9458587
9458803
9460639
9461071
9462151
9462367
9462907
9463123
9464419
9465067
9465931
9468091
9468523
9469063
9471439
9472843
9473059
9473491
9474679
9475003
9476407
9476947
9477271
9477379
9479539
9479971
9480619
9482131
9482887
9484183
9484399
9484831
9485479
9485803
9486559
9486667
9487963
9488503
9489691
9491851
9494767
9495523
9500383
9500599
9501571
9502651
9503947
9504919
9505459
9507079
9507727
9508483
9508699
9509347
9510427
9510643
9510751
9511291
9511399
9511939
9512263
9513667
9517447
9517987
9518203
9520471
9522523
9523711
9523819
9526303
9529759
9530083
9532027
9533323
9533539
9534403
9535699
9537211
9540127
9541747
9544663
9546391
9546931
9548551
9549307
9550279
9551251
9554059
9555031
9556003
9556543
9556759
9557299
9557407
9559999
9560539
9561187
9561943
9562807
9564211
9566047
9567451
9568099
9571987
9572203
9575227
9577927
9578251
9578683
9578791
9579331
9582247
9582571
9583219
9584623
9584947
9585811
9586459
9586567
9588619
9590131
9590671
9592507
9594667
9596179
9596827
9597799
9598231
9598339
9598663
9599743
9602119
9602767
9606979
9607519
9608491
9609247
9609571
9610759
9611839
9613459
9614971
9616699
9618643
9619507
9620911
9622747
9624799
9625663
9628039
9630631
9631603
9632143
9632899
9634411
9635707
9636031
9636139
9636247
9641647
9641971
9643483
9644779
9645859
9647371
9648343
9649099
9649639
9653851
9654823
9659359
9660979
9661087
9661303
9664003
9664651
9664867
9665407
9665731
9665947
9667459
9668431
9668539
9669403
9669619
9670483
9670699
9674911
9676099
9676963
9679447
9680527
9680743
9681283
9683983
9684739
9685063
9685279
9685387
9686359
9688951
9690139
9690787
9692083
9694459
9695431
9696619
9697267
9698023
9698239
9699643
9700939
9701479
9701803
9702883
9703531
9703747
9705043
9706447
9706771
9708607
9709039
9710011
9710551
9711523
9713467
9713791
9716167
9718327
9719407
9721783
9723943
9725239
9728371
9730099
9730423
9730639
9732043
9732799
9733771
9735283
9738199
9738847
9739063
9739819
9740359
9741763
9742627
9743707
9745327
9747811
9748243
9750079
9750187
9750511
9751051
9753319
9754399
9756667
9759907
9761527
9761743
9763363
9764011
9766387
9766711
9767899
9768547
9769519
9771247
9773839
9773947
9776323
9777403
9777619
9778159
9778267
9779239
9780319
9783451
9783883
9785287
9785827
9786043
9786151
9787447
9788959
9792631
9794143
9795439
9796411
9799759
9800407
9801271
9802027
9802459
9803323
9803539
9803863
9804511
9804943
9805483
9807103
9808291
9808723
9808831
9809479
9810991
9812287
9812503
9813043
9813907
9814663
9815203
9815959
9816067
9816823
9818551
9820387
9825247
9827299
9829243
9831727
9832591
9833347
9834751
9835723
9837343
9839611
9840151
9844039
9847603
9847927
9848467
9849979
9851923
9854083
9855379
9857647
9857971
9858727
9860023
9861967
9862507
9863263
9863479
9866071
9866179
9867799
9870067
9870499
9871039
9872659
9872983
9873631
9875683
9876871
9877627
9878059
9879787
9880327
9881623
9883567
9884107
9884863
9885511
9887023
9887131
9887887
9888751
9889507
9889723
9890263
9890911
9891451
9891991
9892423
9892639
9892747
9894259
9894691
9895339
9895663
9896851
9899119
9899443
9900199
9903331
9905059
9905383
9905491
9907003
9907867
9910567
9911431
9913807
9914239
9916183
9916939
9917263
9917371
9917911
9918127
9918991
9919531
9919963
9920611
9921259
9921907
9924391
9924823
9925147
9925471
9925687
9927739
9928927
9931627
9931951
9933463
9933571
9933787
9934651
9934867
9936163
9938107
9939079
9939403
9939619
9941023
9941779
9945343
9945883
9947071
9947719
9949663
9950959
9951283
9953011
9955171
9956467
9957439
9958519
9959491
9960031
9960787
9962083
9962839
9963703
9965863
9966511
9967159
9967483
9969859
9970183
9971047
9972343
9974287
9977203
9978607
9979471
9980227
9981739
9981847
9982171
9983791
9984979
9985303
9987247
9989191
9990811
9990919
9993079
9994807
9996751
9997291
9998587
9999667
9999991
