80803
260363
368099
404011
781087
906779
942691
960647
1068383
1265899
1337723
1607063
1768667
1876403
1984139
2127787
2253479
2397127
2468951
2738291
2774203
2792159
2846027
3043543
3546311
3959299
4084991
4120903
4174771
4300463
4408199
4551847
5000747
5216219
5305999
5431691
5485559
5539427
5629207
5647163
5808767
5844679
5916503
6060151
6114019
6275623
6347447
6383359
7047731
7101599
7263203
7640279
7676191
7694147
7783927
7801883
8053267
8071223
8178959
8807419
8879243
9202451
9256319
9310187
9399967
9417923
9507703
9615439
9669307
9741131
9777043
9938647
