2011
3083
4423
4691
6299
7103
7639
7907
8443
11927
13267
14071
15679
19163
19699
20771
22111
23719
26399
27739
29347
31223
32027
32563
32831
34171
34439
36583
38459
39799
43283
44087
44623
45427
46499
47303
51859
52127
54539
55343
56951
57487
60167
60703
61507
62311
64187
67939
68207
68743
69011
70351
70619
72227
72763
75979
77587
79999
81071
85091
85627
88843
93131
96079
97687
98491
99563
103583
104119
105727
106531
107603
108139
108943
109211
110819
111623
114571
116447
117251
117787
120199
121271
122611
126631
127703
128239
130651
132527
135743
136547
138959
141371
141907
142711
142979
145391
148339
149143
149411
158791
159059
161471
162007
163883
164419
166027
167099
169243
170047
170851
171923
173263
173531
174067
176747
177283
181303
182107
185323
190147
194167
196043
196579
197383
197651
200063
200867
201403
203011
203279
204887
205423
208907
210247
211051
211319
212123
216679
216947
218287
219091
220163
220699
225523
227131
227399
228203
231419
235171
235439
236779
237851
240263
241067
241603
243479
245087
248839
249107
249911
251519
252323
258487
261167
261971
264919
268403
270547
271351
271619
272423
272959
275371
276443
277247
278051
279659
280463
281803
282071
283411
284483
285287
285823
289039
289843
293863
294131
297079
298687
302171
305119
306191
306727
310747
311551
312623
317179
317983
319591
321199
321467
322271
322807
323879
325219
325487
326023
330311
331651
334331
337279
339959
342371
346391
347731
350411
350947
351751
353627
354163
356039
358987
360863
362203
364079
364883
365419
367027
367831
370511
371851
373459
374531
378283
378551
379087
382303
383107
385519
389003
389539
390343
394363
394631
396239
401867
402403
406423
409639
412051
414731
416071
417947
418751
421163
421699
423307
425987
427327
430007
430543
430811
433759
434563
434831
436171
436439
437243
438047
441263
441799
443407
445283
446087
446891
447427
449303
450643
452519
454931
456539
458683
464311
465383
466723
467527
468599
469939
470207
476639
480391
482803
483071
484411
492719
493523
494327
495667
496471
499151
499687
501563
503707
506119
508531
508799
509603
510943
511211
512819
515231
516839
518179
518447
518983
519787
522199
527291
528631
530507
531043
531847
532919
533723
536671
537743
539351
540691
541763
542299
542567
544979
546587
550607
551143
552751
554627
555967
559183
559451
561059
562399
568027
568831
569903
573119
574727
579283
580891
582499
582767
584911
586787
591611
594023
594827
595363
597239
599383
601259
602867
606083
607423
610639
614659
614927
617339
618679
621359
622967
623771
625111
626987
627791
632347
633151
634223
634759
635563
637171
639851
642799
647891
649499
652447
653519
654323
657539
659951
662899
663167
664507
665311
667991
668527
671743
673619
676031
677371
677639
680587
682463
685679
687019
687823
688627
689431
689699
691843
692647
694523
695059
695327
698543
703903
705779
707923
709531
709799
710603
715159
715963
719447
721859
722663
723467
724807
727487
732311
733651
733919
736063
736867
738743
740351
741691
744371
745711
747319
747587
750803
753751
755627
756967
760183
764471
765007
766079
768491
771439
774119
777871
779747
782963
783767
785107
786179
786983
787519
790199
791003
795023
795827
796363
800651
801187
803867
806011
807083
812443
812711
815123
818339
823967
826379
827719
827987
828523
830131
831739
833347
834151
835759
837367
838171
844603
847283
848087
849427
851303
851839
862559
863363
863899
864167
866311
874351
874619
877567
879979
880247
882391
882659
884267
884803
885607
887483
888287
893111
894451
896327
901687
903563
904903
905171
907583
910799
914819
915623
917767
918839
921787
925271
926879
927683
929023
933847
934919
936259
936527
937331
938939
940279
940547
941351
943763
945103
945907
947783
949391
951803
957431
961183
961451
962791
963863
968419
970027
971099
971903
976727
978067
978871
981283
982087
985571
987983
989323
992539
993611
995219
998167
999239
1000579
1000847
1003259
1004063
1004599
1012103
1013711
1015051
1016123
1016927
1019071
1019339
1020143
1021483
1025503
1031399
1032739
1033007
1036223
1036759
1037563
1037831
1040779
1041583
1043191
1047479
1049623
1051499
1055251
1056323
1057663
1059271
1060343
1070527
1075351
1075619
1078031
1081247
1083391
1083659
1086607
1087679
1090627
1093307
1095719
1098667
1100543
1101883
1102151
1107511
1109387
1110727
1111531
1115551
1121179
1121447
1129487
1130023
1130827
1133239
1133507
1134043
1134311
1135919
1137527
1138867
1141279
1142083
1143959
1145299
1147711
1149587
1150927
1151999
1154411
1154947
1156019
1156823
1157627
1160039
1161647
1163791
1165399
1165667
1167811
1169419
1169687
1172903
1173439
1177459
1178263
1182283
1187107
1187911
1188179
1190591
1192199
1194343
1196219
1197827
1198363
1199167
1201043
1208279
1209083
1211227
1213907
1214711
1217927
1218463
1218731
1220071
1222483
1222751
1226503
1229719
1230791
1234543
1236419
1239367
1241243
1243387
1244459
1245799
1248211
1249819
1250087
1251427
1253839
1257323
1257859
1258931
1262147
1263487
1264559
1269383
1273403
1273939
1275011
1276351
1276619
1278227
1280371
1281979
1282783
1284659
1286267
1287071
1287607
1290019
1290287
1290823
1294039
1295647
1297523
1298863
1300471
1301543
1302079
1303151
1306099
1306367
1310119
1310923
1315211
1318963
1322179
1324591
1325663
1326467
1328611
1330487
1331023
1332631
1334239
1334507
1335043
1335847
1336919
1342279
1342547
1343351
1343887
1346567
1347103
1350319
1351123
1352999
1355947
1357823
1358359
1363183
1364791
1366667
1367203
1368811
1369883
1370687
1372027
1375243
1377923
1379263
1384087
1385963
1386499
1386767
1387571
1391323
1394539
1397219
1398559
1402847
1403383
1403651
1407671
1410887
1412227
1413031
1417051
1417319
1421339
1423483
1425091
1426163
1426699
1430183
1430987
1431523
1434203
1435543
1438223
1439027
1441439
1447067
1449211
1449479
1450283
1450819
1451623
1453499
1454839
1455911
1457251
1459663
1460467
1465559
1467703
1467971
1468507
1469311
1473331
1475743
1476011
1478423
1479763
1482443
1484051
1486999
1488607
1492627
1496111
1496647
1497719
1499059
1501471
1503883
1506563
1508707
1509779
1510583
1511119
1511387
1513531
1514603
1517819
1518623
1519159
1521571
1522643
1523983
1525859
1529611
1531487
1532291
1532827
1533899
1535507
1539259
1540867
1541671
1543279
1544083
1545959
1548103
1552123
1555607
1560967
1564183
1565791
1567667
1569811
1570883
1571419
1576243
1579727
1584283
1584551
1587499
1588303
1589911
1591787
1592323
1593931
1595003
1597147
1597951
1599023
1599827
1600631
1604651
1605187
1606259
1607867
1608671
1616443
1616711
1617247
1618051
1618319
1623679
1625287
1626091
1630379
1632523
1636007
1636543
1639223
1643779
1648067
1651283
1652891
1653427
1654231
1656107
1656911
1659323
1660663
1666559
1667363
1667899
1668971
1670579
1673527
1674599
1679959
1684247
1685051
1687999
1688803
1689071
1689607
1693091
1700059
1700327
1702739
1704347
1712387
1715603
1716139
1716943
1717747
1718551
1719623
1720427
1721767
1722839
1724447
1726591
1726859
1732219
1733827
1734899
1735703
1737311
1738651
1739723
1740259
1740527
1741063
1744279
1745351
1747763
1750979
1752319
1757143
1757411
1760359
1762771
1763843
1765987
1767863
1768399
1774027
1775903
1778851
1780459
1781531
1783139
1786087
1788767
1792787
1793591
1794127
1799219
1801363
1805651
1809403
1809671
1820123
1820927
1821731
1824143
1824679
1824947
1829771
1830307
1831111
1832183
1833523
1835131
1835399
1837007
1844243
1845047
1845583
1852283
1852819
1856303
1859519
1861663
1863271
1864879
1865147
1869971
1870507
1872919
1874527
1875331
1879351
1880959
1882031
1883639
1886051
1887659
1888463
1889267
1889803
1891679
1893823
1897843
1903471
1904543
1905347
1912583
1915531
1915799
1917407
1917943
1918747
1921159
1921427
1925179
1927591
1929199
1929467
1935631
1938847
1941259
1947691
1948763
1953587
1954391
1959751
1960019
1962967
1965647
1968059
1971007
1972079
1973687
1975027
1976099
1976903
1982263
1983871
1987891
1988963
1989499
1991107
1991911
1992983
1997003
1997539
1998343
1998611
2003971
2005579
2006651
2012011
2013083
2013619
2014423
2016031
2021659
2021927
2022731
2023267
2024339
2026751
2028359
2029163
2029967
2032111
2033719
2036131
2040151
2046047
2047387
2049263
2053819
2054623
2057303
2060251
2065879
2066683
2066951
2068291
2071507
2072579
2076331
2077939
2078207
2081423
2084639
2087051
2096431
2097503
2100451
2100719
2103667
2106347
2108759
2110099
2112511
2112779
2113583
2115727
2116531
2116799
2119211
2120551
2120819
2122427
2123767
2124571
2124839
2126447
2128591
2131271
2133683
2138239
2139043
2139311
2141723
2143331
2144671
2147351
2150299
2150567
2154319
2154587
2156731
2159947
2161823
2162359
2163163
2163431
2165039
2165843
2167183
2167987
2170667
2171203
2172007
2172811
2173079
2173883
2175223
2176831
2178439
2178707
2184067
2186747
2190499
2196127
2198003
2202559
2203631
2205239
2208991
2213279
2215691
2218907
2222123
2222659
2223731
2224267
2225339
2230699
2233379
2234719
2235791
2236327
2237399
2239007
2243027
2244367
2245171
2247851
2250263
2250799
2251603
2252407
2254283
2259643
2262859
2263931
2264467
2265271
2266343
2273311
2275187
2275723
2279743
2280011
2280547
2281619
2283227
2285639
2286443
2286979
2287247
2288051
2289659
2291803
2292071
2292607
2295019
2295823
2298503
2299039
2302523
2308151
2309491
2309759
2310563
2312707
2313511
2314583
2319407
2319943
2323427
2325571
2328251
2330663
2335219
2336023
2337899
2338703
2339507
2340847
2341919
2342723
2343527
2348083
2349959
2350763
2353979
2356391
2356927
2357731
2359339
2363359
2364163
2366843
2368451
2369791
2375687
2382119
2388283
2390159
2392303
2392571
2396323
2396591
2397931
2399539
2399807
2404631
2405971
2407579
2412671
2416423
2419103
2419639
2421247
2427143
2427947
2430091
2430359
2431967
2433307
2435183
2438399
2439739
2440007
2441347
2442151
2446439
2448851
2449387
2450191
2452603
2456087
2460643
2462519
2464127
2464663
2465467
2466271
2466539
2471899
2472167
2472703
2475383
2476723
2478331
2480207
2480743
2482351
2482619
2486371
2486639
2488247
2490391
2490659
2500843
2501647
2502719
2508347
2509687
2510491
2519603
2520139
2520943
2521747
2526571
2527643
2528983
2529251
2531663
2532199
2533807
2534879
2541043
2542919
2546671
2548279
2548547
2549887
2553371
2553907
2554711
2560339
2561411
2562751
2566771
2569451
2571059
2572399
2572667
2573471
2574811
2578027
2580707
2587139
2587943
2589551
2590087
2590891
2597323
2597591
2599199
2603219
2604559
2605363
2608847
2612867
2613671
2615279
2617691
2619299
2623051
2624659
2624927
2628679
2629483
2631091
2632163
2632967
2636719
2638327
2640739
2641543
2641811
2645831
2649851
2650387
2651191
2653067
2655479
2660303
2660839
2661107
2661643
2663251
2664859
2665931
2668343
2668879
2669951
2672363
2676383
2677187
2679331
2681207
2682011
2684959
2687639
2688979
2689783
2690587
2691659
2692463
2692999
2694607
2695411
2696483
2697823
2702647
2705863
2706667
2707739
2708543
2709079
2710151
2714171
2714707
2719531
2720603
2723551
2725963
2726231
2727839
2728643
2729983
2731591
2735611
2737219
2737487
2739631
2739899
2744723
2746063
2747671
2753567
2754907
2756783
2757319
2763751
2766163
2766431
2767771
2769647
2770987
2776883
2781707
2783047
2789747
2793499
2794303
2795911
2801003
2805827
2807971
2809847
2811187
2814403
2815207
2817083
2817887
2820031
2821103
2822711
2824319
2827267
2828339
2829143
2829679
2832359
2835307
2837987
2842811
2848171
2849779
2850583
2850851
2852191
2854067
2854603
2858623
2859427
2860499
2861303
2867467
2868539
2869879
2870683
2872291
2872559
2873363
2876579
2878723
2880331
2882207
2883011
2883547
2884351
2885423
2886227
2887567
2889443
2889979
2891051
2899627
2903111
2904719
2906863
2908471
2912759
2913563
2918119
2918387
2919727
2920531
2922407
2923211
2923747
2928571
2928839
2929643
2932591
2934467
2936611
2938219
2939023
2939291
2940631
2941703
2944919
2946259
2947331
2951887
2952959
2954299
2955103
2955371
2955907
2956979
2957783
2959391
2965019
2966627
2967967
2969039
2971183
2971987
2972791
2973059
2977883
2978419
2979491
2980027
2981903
2983243
2983511
2988067
2989139
2991551
2994767
2995303
2995571
3000931
3002003
3002807
3006827
3011383
3012187
3012991
3013259
3015403
3015671
3022907
3023443
3026123
3029071
3029339
3030143
3032287
3035771
3038183
3039523
3042203
3044347
3047027
3047563
3050779
3051047
3055603
3056407
3057479
3059087
3059891
3065519
3067931
3069271
3075167
3075703
3075971
3077311
3077579
3078919
3081599
3082939
3085351
3086423
3086959
3089371
3092587
3094463
3101699
3102503
3105451
3105719
3107327
3109471
3112687
3114563
3119387
3119923
3120727
3124747
3125819
3128767
3129839
3131983
3133591
3137611
3137879
3141899
3147259
3148867
3154763
3156103
3156371
3157711
3164143
3170039
3172451
3172987
3173791
3174863
3175399
3176203
3176471
3177007
3178079
3179419
3180223
3180491
3181831
3184243
3186119
3189871
3190139
3193087
3194159
3197107
3199787
3201931
3203539
3203807
3204611
3206219
3209971
3210239
3216403
3216671
3218279
3220423
3222031
3225247
3226319
3229267
3231143
3231947
3232751
3236503
3239183
3242399
3243739
3244543
3247759
3248027
3251243
3251779
3252583
3256067
3256871
3259283
3260087
3260623
3260891
3262499
3266251
3266519
3268127
3272147
3274291
3277507
3280187
3282599
3283939
3287959
3288763
3289567
3291979
3294659
3297071
3298411
3300019
3300823
3301091
3304843
3305111
3306451
3307523
3310739
3312347
3316903
3317707
3319583
3324407
3325211
3325747
3328159
3328427
3329231
3332983
3333251
3333787
3336467
3338879
3340487
3341291
3341827
3344507
3345847
3351743
3353351
3356567
3361123
3362731
3362999
3363803
3364607
3371843
3372379
3380687
3381223
3383099
3383903
3385511
3387119
3388459
3388727
3389531
3392479
3394891
3395159
3395963
3398107
3401591
3402127
3403199
3406147
3408023
3408827
3410167
3410971
3417671
3419279
3420083
3421423
3422227
3424103
3434287
3436163
3439379
3440719
3443131
3444739
3445811
3447419
3448759
3450367
3451171
3451439
3454387
3457871
3458407
3460819
3463231
3465107
3465911
3467251
3468859
3469663
3469931
3471539
3473683
3475559
3485743
3488959
3490031
3491639
3493783
3497267
3499411
3499679
3501287
3502091
3502627
3503431
3503699
3507451
3507719
3508523
3509059
3513079
3519511
3521923
3522191
3523799
3524603
3525943
3527819
3529159
3529963
3530231
3531571
3534787
3537199
3537467
3540683
3544703
3545239
3546847
3547651
3548723
3551939
3557299
3558371
3559711
3559979
3562927
3563731
3565339
3570431
3576863
3578203
3581419
3584099
3586511
3590263
3591871
3593747
3594551
3595087
3599107
3602591
3603931
3604199
3607147
3608219
3610363
3612239
3613847
3616259
3617063
3617599
3618403
3619207
3620011
3621083
3621887
3625103
3626443
3629123
3636359
3637967
3638771
3640379
3641987
3642791
3648419
3653779
3654851
3658871
3660211
3663427
3664499
3665839
3668251
3677363
3682187
3683527
3685403
3686743
3689423
3690227
3690763
3691031
3696391
3699607
3702823
3705503
3706039
3707111
3711131
3712739
3714883
3715687
3716759
3717563
3719707
3720511
3721583
3726407
3730159
3730427
3734179
3736591
3737663
3740879
3743023
3746507
3747043
3747847
3748651
3752939
3755083
3756691
3758299
3762587
3767411
3771431
3771967
3772771
3775987
3778399
3778667
3779203
3780811
3781079
3783491
3788047
3790459
3792871
3795283
3795551
3796087
3799571
3800107
3801179
3801983
3802787
3806003
3810559
3811631
3814043
3816187
3817259
3818063
3819671
3822619
3825299
3826639
3830927
3832267
3833339
3835483
3835751
3839503
3840307
3841111
3842183
3846203
3848347
3849151
3852367
3854243
3855851
3857459
3861211
3865231
3866839
3867107
3867911
3875951
3878899
3879167
3880507
3882383
3885331
3885599
3886403
3889351
3890423
3891763
3897659
3898463
3901411
3901679
3907307
3911059
3912131
3917491
3917759
3919099
3926603
3927139
3927943
3929551
3931159
3935179
3940271
3941611
3944827
3945631
3947507
3948311
3949651
3949919
3955279
3957691
3957959
3963587
3964123
3966803
3968411
3968947
3969751
3970823
3975379
3976183
3977791
3980203
3982079
3982883
3985027
3991727
3992531
3996283
3997891
4000303
4002983
4004591
4011559
4011827
4014239
4015579
4017991
4019063
4019867
4020671
4021207
4023619
4025227
4026031
4027103
4030051
4030319
4032463
4034071
4035947
4039967
4042111
4043719
4046131
4047739
4053367
4056583
4056851
4060871
4065427
4067303
4068107
4070519
4072931
4075879
4076951
4082311
4082579
4087403
4091959
4092763
4093567
4095979
4098659
4099463
4105091
4105627
4106699
4108843
4110451
4113667
4115543
4117151
4118759
4121707
4122779
4123583
4125727
4126531
4126799
4128139
4131623
4132159
4132963
4136179
4138591
4141807
4143683
4144487
4145023
4145291
4148239
4152527
4153867
4155743
4157887
4160567
4161103
4164319
4165927
4166731
4166999
4172359
4172627
4176379
4176647
4177183
4177451
4178791
4179863
4191119
4193263
4193531
4194871
4196747
4198891
4199963
4201303
4202911
4205323
4206127
4206931
4211219
4212023
4212827
4216579
4216847
4220599
4221671
4225691
4227031
4227299
4228907
4229443
4229711
4232659
4236679
4240967
4241771
4242307
4244183
4244987
4246327
4249543
4251419
4253027
4253563
4253831
4255439
4259191
4259459
4260799
4265087
4270447
4271251
4272859
4274467
4276879
4277951
4278487
4280363
4281971
4284383
4284919
4285187
4287599
4288939
4290547
4291619
4293227
4293763
4294567
4295371
4296443
4296979
4298051
4298587
4299391
4300999
4303679
4305823
4313327
4317347
4324583
4325119
4326727
4328603
4329139
4334767
4335571
4337447
4338787
4339859
4340663
4341199
4342271
4347899
4350043
4351651
4353259
4359959
4363979
4364783
4366123
4366927
4370143
4372019
4375771
4376843
4377379
4380059
4381667
4382471
4385687
4388099
4389439
4391851
4395067
4401767
4406323
4407127
4409003
4409807
4410611
4417043
4419991
4421063
4422403
4423207
4425887
4426423
4428031
4430711
4436071
4436339
4439287
4441163
4445719
4450811
4453223
4454027
4454563
4469303
4470911
4474931
4475467
4479487
4480291
4480559
4481363
4481899
4482167
4482703
4482971
4486187
4488331
4488599
4490207
4494227
4499587
4501999
4504411
4508431
4509503
4510039
4510307
4512451
4514327
4514863
4516739
4517543
4518347
4518883
4522367
4523171
4530943
4532819
4534963
4538447
4539251
4542467
4543003
4545683
4548631
4550239
4551311
4553723
4554527
4555867
4556939
4557743
4559887
4560691
4562567
4563103
4563907
4564711
4568731
4570607
4571947
4572751
4575163
4576771
4577039
4579451
4580791
4583471
4585883
4587491
4591511
4593923
4595263
4595531
4600087
4604911
4605179
4607591
4610003
4612147
4615363
4616167
4618847
4621259
4622599
4622867
4625279
4626619
4627423
4627691
4628227
4630907
4632247
4633319
4635731
4638143
4639483
4639751
4640287
4642163
4645111
4647523
4647791
4649399
4651007
4651811
4653151
4655831
4656367
4657171
4658779
4662263
4666283
4666819
4667623
4668427
4678343
4679683
4679951
4681291
4681559
4683167
4685579
4686919
4687187
4687723
4691207
4692011
4695763
4696031
4696567
4701391
4706483
4709699
4715863
4719079
4721491
4726583
4729531
4729799
4730603
4731943
4734623
4736231
4740787
4741859
4743199
4746683
4747487
4748827
4749631
4752043
4753919
4756867
4762763
4763299
4764103
4764371
4768391
4768927
4772143
4775359
4778843
4780183
4783399
4786079
4786883
4788491
4789831
4793851
4795727
4803767
4804571
4807519
4810199
4812611
4813951
4814219
4815023
4816363
4818239
4819579
4819847
4820383
4824403
4824671
4826279
4827619
4831907
4833247
4835927
4840751
4842091
4846111
4846379
4847719
4847987
4848523
4850399
4852007
4852811
4854151
4855223
4858171
4859243
4863263
4864603
4868623
4870499
4871303
4872107
4872643
4875323
4875859
4879879
4880147
4880951
4883363
4883899
4887919
4890331
4892207
4895959
4897031
4897567
4899443
4900783
4901051
4903999
4904803
4910699
4914719
4915523
4920347
4921151
4923563
4924903
4925707
4926511
4929191
4930531
4932139
4936963
4940447
4940983
4941787
4945807
4948219
4949827
4951703
4952239
4953043
4954919
4957063
4961083
4961351
4965371
4966711
4966979
4967783
4968319
4972607
4973411
4975823
4977163
4977431
4981451
4984667
4987079
4990831
4992439
4992707
4994851
4995923
5003963
5004767
5007179
5007983
5009591
5010931
5011199
5012003
5013343
5014951
5016023
5016559
5018971
5022187
5022991
5023259
5024867
5025403
5026207
5030227
5034247
5035319
5037463
5037731
5039071
5042287
5044967
5045771
5047111
5047379
5049523
5050327
5057831
5060243
5061047
5064263
5065603
5065871
5069891
5073643
5075251
5075519
5077931
5079539
5080879
5085167
5086507
5088383
5093743
5097227
5098031
5098567
5101783
5105267
5109019
5110627
5111699
5113307
5114111
5114647
5118667
5123491
5127779
5128583
5131799
5133407
5136623
5137963
5140643
5141179
5143591
5146003
5149219
5151899
5162083
5163959
5165299
5166103
5170927
5172803
5173607
5174947
5178163
5178967
5182451
5184863
5185399
5185667
5186471
5189687
5191027
5191831
5196119
5196923
5197459
5197727
5206571
5208179
5210323
5210591
5213539
5220239
5223187
5225599
5225867
5226671
5230691
5232299
5233639
5238731
5241143
5245967
5246503
5246771
5249183
5249987
5250523
5253203
5253739
5258027
5260439
5262583
5264191
5265263
5266067
5269283
5269819
5270623
5276519
5278127
5281879
5286703
5286971
5287507
5288579
5294743
5296619
5301979
5302247
5303587
5306267
5307607
5308679
5309483
5310287
5315647
5316719
5322883
5323151
5324491
5326903
5328511
5332531
5334943
5337623
5338427
5340571
5342179
5343251
5343787
5345663
5346199
5347003
5347271
5347807
5348879
5350487
5363887
5364959
5366299
5367907
5369783
5370319
5373803
5374339
5375143
5375947
5379431
5382379
5382647
5383451
5388007
5388811
5390687
5392027
5393903
5394439
5397923
5399263
5399531
5403283
5408107
5410519
5410787
5411323
5412931
5414807
5415343
5423651
5427671
5430619
5432227
5434907
5435711
5436247
5439463
5442947
5444287
5446163
5446967
5447503
5449111
5450719
5450987
5451791
5452327
5455543
5458223
5459563
5465459
5467871
5474303
5474839
5475643
5479127
5479931
5483147
5484487
5489311
5490383
5491723
5492527
5497351
5500567
5501371
5503783
5505391
5506999
5507267
5511019
5511287
5512627
5515039
5516647
5520131
5523883
5525491
5527099
5527367
5532727
5535139
5537551
5540767
5546663
5547467
5549611
5549879
5550683
5552023
5553631
5555507
5556311
5559259
5560063
5564887
5565691
5567567
5570783
5572123
5573731
5573999
5579359
5579627
5580163
5586059
5589007
5589811
5594903
5597047
5598119
5599459
5602139
5603747
5605891
5609911
5611519
5612591
5618219
5619827
5620631
5623043
5624651
5625187
5626259
5627599
5630279
5631083
5635103
5638051
5639927
5640463
5647699
5648771
5649307
5651183
5655739
5657347
5661367
5664851
5666191
5670479
5674231
5676107
5683343
5685487
5688167
5688971
5689507
5691919
5694331
5695939
5697547
5698351
5701567
5702639
5704247
5706391
5707463
5708803
5709071
5711483
5712823
5714699
5717111
5719523
5720863
5724883
5730779
5732387
5735603
5740159
5744447
5744983
5745251
5745787
5746591
5748199
5753291
5754631
5760259
5760527
5761331
5761867
5763743
5765083
5765351
5765887
5770979
5776607
5780627
5781431
5783039
5792419
5793223
5794027
5795903
5797243
5799119
5800727
5801531
5803943
5807159
5808499
5809571
5813323
5818951
5820827
5823239
5824043
5826991
5827259
5829403
5838247
5839319
5841463
5842267
5843339
5844143
5845751
5848699
5850307
5852183
5852719
5853791
5861027
5868263
5869067
5870407
5871211
5871479
5875231
5876839
5880323
5883271
5885147
5886487
5888899
5889167
5889703
5889971
5891579
5900423
5900959
5902031
5904979
5905247
5910607
5912483
5913823
5914627
5915431
5917039
5917843
5918111
5922667
5923471
5927759
5930707
5932583
5933387
5938747
5950003
5951611
5951879
5953219
5954023
5954827
5960723
5961259
5962063
5962331
5962867
5963939
5964743
5965279
5966351
5966887
5973587
5977339
5977607
5978143
5981359
5984843
5985647
5986987
5989667
5990203
5993419
5994491
5996099
6000119
6001727
6003871
6004139
6006551
6007891
6009499
6012179
6015931
6017003
6021559
6022631
6023971
6027187
6029063
6033619
6037639
6039247
6041927
6042731
6043267
6045679
6046483
6046751
6047287
6050503
6051307
6053987
6055327
6056399
6058007
6058543
6062831
6066583
6068459
6071407
6072211
6074087
6078643
6080519
6081323
6086147
6088559
6092311
6099011
6099547
6100351
6101959
6102763
6104639
6105443
6107587
6108391
6111071
6111607
6116699
6119647
6122059
6122327
6122863
6126079
6126347
6127687
6128491
6130099
6132779
6134923
6135191
6137603
6142963
6146983
6147787
6148859
6152879
6153683
6154487
6158507
6159311
6159847
6167351
6168691
6169763
6172711
6175123
6175391
6176999
6177803
6178339
6178607
6180751
6182359
6183431
6187451
6196027
6197099
6197903
6199511
6202459
6205139
6205943
6206747
6207283
6208087
6209963
6210499
6214519
6218539
6224971
6227651
6228991
6230599
6234619
6235423
6238907
6245339
6249359
6251771
6254987
6255791
6257399
6262759
6263563
6264367
6265439
6266779
6267047
6267851
6268387
6270799
6271871
6273479
6274283
6275891
6277499
6279107
6279643
6281519
6282323
6283663
6285271
6290363
6290899
6293311
6298939
6300011
6302423
6307247
6307783
6312071
6316627
6317699
6319307
6321719
6323327
6324667
6325471
6326543
6328687
6329759
6331903
6333511
6335387
6336727
6341551
6345839
6347983
6348787
6349859
6355487
6359239
6360847
6361651
6361919
6362723
6364063
6366743
6367547
6368083
6372371
6373979
6374783
6375319
6382823
6387379
6391667
6393811
6396223
6396491
6399707
6402923
6404263
6405067
6417127
6419003
6419807
6420343
6423559
6423827
6428651
6429187
6434011
6435083
6438031
6439639
6440443
6444731
6448483
6450091
6451163
6451967
6458399
6459203
6460543
6462419
6464831
6468851
6472603
6472871
6473407
6478499
6480107
6484931
6487879
6488147
6488683
6489487
6494311
6495383
6495919
6499939
6503423
6504763
6506371
6507979
6508247
6510659
6518431
6521111
6524327
6526739
6528883
6532367
6533707
6537191
6538531
6540139
6540407
6542551
6544427
6546571
6548447
6549251
6549787
6552199
6552467
6553003
6554879
6555683
6558899
6559703
6561311
6562651
6565063
6565331
6566939
6569083
6570691
6573103
6573907
6574979
6575783
6576319
6576587
6581143
6583019
6584359
6585431
6591059
6591863
6597223
6600439
6600707
6604727
6608479
6608747
6612499
6614911
6615179
6617323
6618127
6620807
6625363
6628847
6629383
6632063
6632599
6635011
6636083
6636887
6637691
6638227
6640639
6643051
6643319
6644123
6647339
6648143
6649483
6651091
6653771
6655379
6656183
6656987
6659399
6662347
6664223
6664759
6665831
6667439
6671459
6674407
6675211
6677087
6677623
6682447
6683251
6683519
6685127
6686467
6687539
6689147
6693703
6696383
6696919
6699599
6700403
6701207
6702011
6702547
6705227
6709783
6711391
6712463
6714607
6715679
6720503
6721843
6723719
6726131
6726667
6728543
6729347
6730687
6731759
6732563
6733099
6738727
6745159
6746231
6747571
6749447
6749983
6750251
6754271
6756683
6758023
6758291
6759899
6760703
6761239
6765527
6769547
6770887
6772763
6773567
6778927
6779999
6787771
6790183
6793399
6793667
6794471
6795007
6796883
6797419
6798223
6799831
6800099
6800903
6802511
6803851
6805727
6806263
6807067
6811891
6815911
6816179
6817519
6819931
6824219
6825827
6827167
6831991
6834671
6836279
6837619
6840299
6841907
6842443
6844051
6845659
6846731
6848339
6850751
6852359
6853967
6855307
6856111
6859327
6861203
6862007
6863347
6865759
6873799
6874603
6874871
6878087
6878623
6878891
6881839
6882643
6883447
6890683
6891487
6892559
6893363
6894971
6896311
6898187
6900599
6906763
6911587
6915607
6916411
6918019
6918287
6921503
6924451
6926863
6927667
6932759
6934099
6934903
6936511
6936779
6938923
6941603
6943747
6945623
6946963
6950179
6952859
6955271
6955807
6957683
6958487
6964651
6966527
6968939
6970279
6970547
6971351
6975103
6978319
6979391
6980731
6982607
6983143
6983411
6983947
6984751
6986627
6987163
6988771
6989039
6996007
6998419
6998687
6999491
7000831
7002439
7009139
7011283
7013159
7014767
7015571
7020931
7021199
7025219
7028167
7030579
7031383
7034063
7035403
7036207
7042639
7042907
7046927
7050679
7050947
7053359
7054699
7055771
7058719
7059791
7060327
7061399
7062739
7063543
7064347
7065419
7070243
7070779
7071047
7073459
7074799
7075603
7077211
7078283
7081499
7083107
7083911
7088467
7091683
7091951
7093291
7098383
7099991
7102939
7106423
7106959
7109371
7109639
7114463
7114999
7116071
7127327
7135099
7141531
7143139
7144211
7145819
7150643
7151447
7151983
7152251
7156271
7157611
7157879
7159487
7160827
7162703
7164043
7164847
7167527
7168331
7169671
7171279
7176371
7177711
7177979
7180391
7187627
7188163
7188431
7190039
7191647
7192183
7195667
7198883
7199419
7200223
7202099
7202903
7205851
7209871
7210943
7212551
7215499
7218179
7218983
7219519
7222199
7223807
7224611
7225951
7228631
7230239
7232383
7233991
7236403
7237207
7239887
7244443
7246051
7247927
7250339
7251143
7251947
7255163
7256503
7256771
7260791
7262131
7264811
7265347
7266419
7268563
7270171
7274191
7275263
7280891
7283303
7283839
7287859
7289467
7290271
7293487
7294559
7296167
7300187
7300991
7302331
7302599
7303403
7303939
7305547
7309567
7315463
7319483
7320823
7321091
7321627
7324307
7324843
7329131
7330471
7332079
7333687
7334759
7335563
7336099
7338511
7339583
7340119
7342799
7346551
7346819
7350571
7352179
7352447
7353251
7356199
7356467
7357003
7360487
7365311
7365847
7366651
7369331
7371743
7373351
7373887
7374691
7375763
7377103
7378711
7378979
7380319
7381123
7387019
7390771
7392647
7396399
7396667
7398007
7399079
7399883
7405511
7409531
7413551
7414087
7415159
7415963
7416499
7418107
7419983
7420519
7424539
7425611
7429363
7430167
7440619
7441691
7444639
7444907
7445443
7446247
7447051
7449731
7451071
7452143
7457503
7457771
7463399
7467151
7468759
7469027
7470367
7471171
7471439
7472243
7474387
7475459
7476263
7478407
7480283
7481087
7484303
7484839
7488323
7489127
7489931
7492343
7496899
7497703
7498507
7499579
7500919
7501723
7503599
7505207
7506011
7506547
7516463
7519411
7521287
7521823
7522091
7523699
7525307
7526111
7526647
7529059
7531739
7533079
7537903
7540583
7541923
7542727
7543531
7549159
7549427
7549963
7554251
7556663
7562827
7563631
7566043
7567919
7570063
7570331
7570867
7575691
7577567
7582123
7584803
7587751
7589627
7590967
7592843
7593647
7594183
7597399
7600079
7600883
7603027
7603831
7604903
7605707
7606243
7616963
7619107
7623127
7625003
7631971
7632239
7633579
7637599
7638403
7643227
7646711
7657967
7666543
7669759
7670027
7673243
7673779
7674047
7677799
7680479
7681283
7681819
7682891
7686911
7687447
7689323
7689859
7690663
7692271
7692539
7694683
7695487
7697363
7698703
7704331
7711031
7713443
7716391
7718803
7722287
7722823
7725503
7726307
7728451
7731131
7731667
7732471
7734347
7735687
7740779
7742387
7742923
7743191
7743727
7746943
7747211
7748551
7752571
7752839
7754447
7756591
7760611
7762487
7763291
7763827
7771063
7774279
7779103
7779371
7779907
7780711
7782587
7783123
7785803
7789823
7790359
7791431
7793843
7794379
7799203
7802419
7803223
7803491
7804831
7805099
7806439
7807243
7812067
7816891
7817963
7819571
7820107
7823323
7825199
7826807
7827343
7828147
7829219
7830827
7835383
7835651
7838063
7840207
7842619
7843691
7846103
7847443
7852267
7853071
7855483
7857359
7861111
7862719
7865131
7866739
7867543
7872367
7875047
7875583
7879871
7883891
7890859
7895683
7898899
7902383
7902919
7903723
7903991
7904527
7906403
7906939
7908011
7911227
7911763
7912031
7917659
7920071
7921411
7921679
7922483
7923823
7925699
7927039
7927307
7937491
7938563
7939367
7940707
7941779
7944191
7950623
7952767
7959199
7960003
7961879
7964023
7966703
7968043
7979567
7981711
7982783
7987607
7990823
7994039
7998059
7998863
8001811
8003419
8003687
8004223
8005027
8005831
8006903
8011727
8012531
8013871
8014943
8015747
8016551
8018963
8020303
8021911
8023787
8024591
8026199
8027807
8028343
8032363
8033167
8037187
8038259
8039063
8039599
8040671
8044423
8044691
8046299
8049247
8051123
8052731
8055143
8058091
8058359
8059967
8062111
8063987
8067203
8072027
8073367
8077387
8078459
8079263
8082211
8088643
8094539
8095343
8096951
8098291
8099363
8100167
8102579
8104991
8106599
8108207
8108743
8112227
8114371
8116783
8118391
8122679
8123483
8124019
8124287
8126431
8129647
8131523
8134739
8136347
8139563
8144387
8144923
8145727
8148407
8150819
8151623
8152427
8154571
8156179
8159663
8160199
8161807
8162611
8167703
8175743
8176547
8177887
8178691
8180299
8185123
8185391
8189143
8189411
8189947
8190751
8192627
8196379
8197183
8198791
8200667
8202811
8203883
8204687
8206831
8208439
8213531
8217551
8218087
8220767
8222911
8223179
8224519
8230951
8231219
8232559
8234167
8235239
8240867
8241671
8242207
8244083
8244619
8249711
8252659
8258287
8263379
8268203
8268739
8273831
8275439
8277047
8277851
8280263
8280799
8281067
8285087
8291519
8295271
8296879
8298487
8300899
8301703
8307331
8308939
8313763
8314567
8315371
8317247
8319391
8319659
8324483
8326091
8327699
8330111
8335739
8337079
8337347
8339491
8345119
8345923
8346727
8347531
8348603
8349139
8353427
8358787
8363879
8370311
8371919
8372723
8373259
8374063
8378351
8386123
8387999
8389607
8390143
8394163
8396039
8397379
8398183
8398451
8400059
8408903
8409439
8410511
8412119
8412923
8414531
8415067
8418283
8419087
8422303
8422571
8424179
8425519
8426591
8427931
8429539
8433559
8435971
8439187
8440259
8442671
8444279
8447227
8449907
8452051
8453927
8456339
8460091
8464111
8465183
8468399
8470543
8471347
8472151
8474027
8474831
8477243
8477779
8478851
8481799
8486623
8488499
8489839
8490107
8492251
8494663
8496539
8497343
8498683
8504579
8509939
8510743
8511011
8512351
8514227
8516639
8519051
8519587
8521999
8522803
8523607
8527627
8530307
8531647
8536471
8536739
8538347
8540759
8542367
8546119
8550943
8551211
8556571
8556839
8560859
8562199
8563003
8563271
8567827
8572651
8573723
8575331
8576671
8577743
8580959
8583907
8587123
8594359
8594627
8595967
8597843
8598647
8603471
8604811
8607223
8608027
8609099
8617943
8618479
8618747
8619551
8622499
8622767
8625983
8629199
8630003
8631611
8635631
8636167
8638043
8640187
8642063
8643671
8645011
8649299
8651443
8651711
8653319
8654123
8658679
8660287
8663503
8666183
8669399
8671007
8671811
8672347
8673419
8674759
8675027
8677171
8678779
8681191
8683603
8684407
8685211
8687087
8687891
8690303
8691643
8695663
8695931
8698343
8701559
8703971
8705311
8708527
8710939
8711743
8712547
8716567
8722999
8724071
8727287
8728627
8731039
8733719
8736667
8739079
8739883
8743099
8743367
8744707
8747119
8748191
8751139
8754623
8755963
8757571
8764807
8765611
8767219
8769899
8770703
8771239
8772847
8774723
8775527
8780887
8784103
8784907
8789999
8796163
8797771
8801791
8803667
8808491
8810099
8810903
8811707
8816263
8816531
8817871
8820283
8822159
8825107
8825911
8831003
8834219
8835023
8835559
8839043
8841991
8842259
8843867
8847887
8850031
8851639
8852443
8855123
8855927
8859143
8863163
8864503
8864771
8866111
8868523
8870399
8874419
8876563
8876831
8882191
8883263
8884067
8884871
8889427
8891303
8894251
8896931
8897467
8907919
8908723
8912207
8913547
8918639
8919979
8922659
8923463
8924803
8927483
8934451
8937667
8938471
8938739
8941151
8942491
8943563
8944099
8945171
8945707
8947583
8955623
8957231
8958839
8960447
8960983
8964467
8973311
8977867
8980547
8981887
8984299
8985103
8988587
8990731
8993143
8995823
8996359
8996627
8998771
9000379
9001987
9004399
9007883
9008687
9009223
9011099
9011903
9013243
9015119
9016727
9017263
9018871
9020747
9021283
9023159
9028519
9028787
9032003
9032539
9033611
9036827
9037631
9040043
9044599
9046207
9047011
9047279
9048887
9052907
9053711
9057731
9058267
9061483
9064163
9065503
9066307
9068183
9068987
9071399
9074347
9077027
9078367
9080779
9084799
9085603
9087479
9089891
9095519
9103291
9104899
9111331
9112403
9114011
9116423
9116959
9123659
9124463
9132503
9133307
9138131
9141883
9142151
9144563
9146707
9149923
9153139
9153943
9158231
9160643
9161179
9162787
9164663
9165199
9167611
9170023
9174043
9174311
9177527
9178867
9181279
9185299
9188783
9192803
9193607
9195751
9196823
9202183
9203791
9211831
9214511
9215047
9217727
9218263
9221747
9225499
9228983
9238631
9241579
9243991
9246403
9248011
9251227
9253103
9258463
9258731
9259267
9260071
9261143
9262483
9265967
9266503
9266771
9269719
9270523
9270791
9273203
9273739
9276419
9279367
9284459
9285799
9288211
9293303
9294107
9294643
9294911
9296251
9300539
9303487
9306971
9308311
9309383
9309919
9310991
9315547
9319567
9320371
9320639
9323051
9324391
9326267
9327607
9331627
9332699
9335111
9335647
9338059
9338327
9338863
9342079
9347707
9351191
9352531
9352799
9354139
9356551
9358159
9363251
9364591
9365663
9366199
9367807
9373703
9374507
9377723
9382547
9383351
9383887
9384691
9388979
9390319
9390587
9391927
9395411
9397019
9398359
9399163
9399431
9402647
9403183
9403451
9406667
9407471
9410419
9412027
9416047
9418727
9420871
9421943
9423283
9425963
9426499
9429179
9430787
9434003
9434539
9435611
9436951
9439363
9442579
9442847
9443383
9444187
9446867
9450083
9450887
9451423
9451691
9452227
9454103
9454639
9456247
9457319
9458927
9460267
9461071
9461339
9465091
9469111
9470183
9474739
9479563
9483583
9487871
9491087
9491891
9493499
9494839
9498323
9503951
9506899
9513331
9516547
9519227
9523783
9524051
9535039
9538523
9539863
9541739
9544687
9547099
9548171
9551119
9555407
9555943
9558623
9559427
9560231
9564787
9565859
9568271
9573631
9573899
9574703
9575239
9577651
9580331
9580867
9581939
9585691
9585959
9586763
9590783
9592927
9597751
9598019
9600431
9602843
9603647
9610079
9610883
9611419
9611687
9612223
9613027
9613831
9617851
9619459
9620531
9622139
9625087
9627767
9628303
9629107
9629911
9631519
9632323
9634199
9635539
9635807
9637951
9639827
9640363
9641971
9643043
9648671
9655907
9657247
9659123
9660463
9660731
9662071
9663679
9665287
9666091
9671183
9672791
9676543
9676811
9682171
9684583
9685387
9686191
9688067
9690211
9690479
9692087
9694499
9697447
9698251
9698519
9699323
9702271
9704951
9708971
9709507
9713527
9716207
9721031
9722639
9723979
9726391
9727463
9727999
9737111
9738451
9738719
9742471
9742739
9748367
9750511
9750779
9752387
9754531
9760963
9769003
9769807
9772219
9772487
9774899
9778651
9781063
9781867
9785887
9788567
9789371
9793391
9797143
9799019
9801431
9808399
9810007
9813491
9816439
9818047
9821531
9822067
9824747
9825551
9826891
9827963
9831179
9836003
9837343
9838951
9840023
9844847
9847259
9849403
9851011
9853423
9855031
9856103
9857443
9859051
9859319
9861463
9864143
9867359
9868699
9868967
9871111
9874327
9877811
9879151
9880223
9885583
9889067
9890407
9892819
9893087
9894427
9896303
9900859
9904343
9905683
9907291
9909703
9913187
9913723
9915331
9916939
9917207
9918547
9920423
9921227
9923371
9924979
9928999
9930607
9933019
9934627
9936503
9941059
9945883
9949099
9957407
9962767
9963571
9963839
9965447
9966251
9973219
9974827
9975631
9975899
9980723
9982867
9984743
9986351
9991711
9992783
9996803
9998143
