5461
10922
16297
16383
32594
32766
38227
48133
48891
76454
96266
97782
114079
114681
144399
228158
229362
288798
326929
336931
342237
653858
673862
684474
839833
965581
980787
1010793
1679666
1931162
1961574
2021586
2288503
2480437
2519499
2881537
2896743
4577006
4960874
5038998
5763074
5793486
5878831
6759067
6865509
7402249
7441311
8644611
11757662
13518134
13731018
14804498
14882622
17289222
17363059
17636493
20170759
20277201
22206747
22338457
34726118
35272986
40341518
40554402
44413494
44676914
51815743
52089177
60512277
65976373
67015371
103631486
104178354
121024554
131952746
134030742
148494193
155447229
156369199
196890121
197929119
296988386
310894458
312738398
393780242
395858238
445482579
461834611
469107597
590670363
890965158
923669222
938215194
1039459351
1181340726
1378230847
1385503833
2078918702
2756461694
2771007666
3118378053
3949750897
4134692541
6236756106
7899501794
8269385082
10146334969
11849252691
20292669938
23698505382
27648256279
30439004907
55296512558
60878009814
71024344783
82944768837
142048689566
165889537674
213073034349
426146068698
