B 5000
2 12495
7 971
11 1098
13 1353
17 331
19 291
23 236
29 184
31 171
37 141
41 256
43 121
47 110
53 97
59 174
61 168
67 230
71 144
73 69
79 64
83 60
89 56
97 52
101 50
103 49
107 47
109 186
113 44
127 39
131 76
137 36
139 36
149 33
151 66
157 32
163 30
167 30
173 29
179 56
181 111
191 52
193 26
197 25
199 25
211 23
223 22
227 22
229 43
233 21
239 42
241 41
251 40
257 19
263 19
269 18
271 166
277 18
281 17
283 17
293 17
307 16
311 32
313 128
317 15
331 15
337 29
347 14
349 28
353 14
359 27
367 40
373 13
379 13
383 13
389 12
397 12
401 12
409 24
419 23
421 23
431 23
433 11
439 22
443 11
449 11
457 21
461 10
463 10
467 10
479 20
487 10
491 20
499 20
503 9
509 9
521 9
523 9
541 37
547 9
557 8
563 8
569 8
571 8
577 8
587 8
593 8
599 16
601 66
607 8
613 8
617 8
619 16
631 7
641 7
643 23
647 7
653 7
659 15
661 15
673 7
677 7
683 7
691 7
701 7
709 14
719 13
727 6
733 20
739 6
743 6
751 6
757 6
761 32
769 39
773 6
787 6
797 6
809 6
811 6
821 6
823 6
827 12
829 24
839 11
853 17
857 5
859 5
863 5
877 5
881 5
883 39
887 5
907 5
911 10
919 10
929 5
937 5
941 5
947 5
953 5
967 5
971 10
977 5
983 5
991 10
997 15
1009 9
1013 4
1019 9
1021 19
1031 9
1033 4
1039 4
1049 4
1051 9
1061 4
1063 4
1069 9
1087 4
1091 45
1093 4
1097 4
1103 4
1109 4
1117 13
1123 4
1129 8
1151 8
1153 4
1163 4
1171 21
1181 8
1187 4
1193 4
1201 8
1213 4
1217 4
1223 4
1229 4
1231 4
1237 4
1249 8
1259 7
1277 3
1279 3
1283 3
1289 7
1291 3
1297 30
1301 3
1303 11
1307 3
1319 7
1321 7
1327 3
1361 3
1367 3
1373 3
1381 7
1399 7
1409 3
1423 3
1427 3
1429 7
1433 3
1439 6
1447 3
1451 6
1453 13
1459 3
1471 6
1481 3
1483 3
1487 3
1489 6
1493 3
1499 6
1511 6
1523 3
1531 29
1543 3
1549 19
1553 3
1559 6
1567 3
1571 6
1579 3
1583 3
1597 9
1601 3
1607 3
1609 18
1613 3
1619 6
1621 12
1627 3
1637 3
1657 9
1663 3
1667 3
1669 5
1693 2
1697 2
1699 2
1709 2
1721 2
1723 2
1733 2
1741 5
1747 2
1753 5
1759 8
1777 2
1783 8
1787 2
1789 5
1801 5
1811 5
1823 2
1831 2
1847 2
1861 16
1867 8
1871 5
1873 5
1877 2
1879 5
1889 2
1901 2
1907 2
1913 2
1931 5
1933 2
1949 2
1951 2
1973 2
1979 5
1987 2
1993 2
1997 2
1999 2
2003 2
2011 2
2017 2
2027 2
2029 4
2039 4
2053 2
2063 2
2069 2
2081 2
2083 2
2087 2
2089 4
2099 4
2111 4
2113 2
2129 2
2131 4
2137 7
2141 2
2143 2
2153 2
2161 4
2179 4
2203 2
2207 2
2213 2
2221 13
2237 2
2239 2
2243 2
2251 4
2267 2
2269 8
2273 2
2281 21
2287 6
2293 2
2297 2
2309 2
2311 2
2333 2
2339 4
2341 4
2347 2
2351 4
2357 2
2371 2
2377 2
2381 2
2383 2
2389 12
2393 2
2399 4
2411 4
2417 2
2423 2
2437 2
2441 10
2447 2
2459 4
2467 2
2473 2
2477 2
2503 1
2521 39
2531 3
2539 1
2543 1
2549 1
2551 3
2557 1
2579 3
2591 19
2593 7
2609 1
2617 1
2621 9
2633 1
2647 1
2657 1
2659 1
2663 1
2671 3
2677 1
2683 1
2687 1
2689 3
2693 1
2699 3
2707 1
2711 3
2713 1
2719 1
2729 1
2731 1
2741 1
2749 3
2753 1
2767 1
2777 1
2789 1
2791 8
2797 1
2801 1
2803 5
2819 3
2833 1
2837 1
2843 1
2851 52
2857 12
2861 1
2879 3
2887 1
2897 1
2903 1
2909 1
2917 1
2927 1
2939 3
2953 6
2957 1
2963 1
2969 1
2971 3
2999 3
3001 10
3011 3
3019 3
3023 1
3037 1
3041 1
3049 3
3061 3
3067 1
3079 9
3083 1
3089 1
3109 9
3119 3
3121 3
3137 1
3163 1
3167 1
3169 3
3181 3
3187 1
3191 3
3203 1
3209 1
3217 1
3221 3
3229 6
3251 3
3253 1
3257 1
3259 1
3271 1
3299 3
3301 3
3307 1
3313 3
3319 3
3323 1
3329 1
3331 1
3343 1
3347 1
3359 2
3361 2
3371 2
3373 1
3389 1
3391 1
3407 1
3413 1
3433 1
3449 1
3457 2
3461 1
3463 1
3467 1
3469 2
3491 2
3499 4
3511 2
3517 1
3527 1
3529 2
3533 1
3539 2
3541 2
3547 1
3557 1
3559 1
3571 1
3581 1
3583 1
3593 1
3607 1
3613 1
3617 1
3623 1
3631 4
3637 5
3643 1
3659 2
3671 2
3673 1
3677 1
3691 2
3697 1
3701 1
3709 2
3719 2
3727 1
3733 4
3739 2
3761 1
3767 1
3769 5
3779 2
3793 1
3797 1
3803 1
3821 1
3823 1
3833 1
3847 1
3851 2
3853 3
3863 1
3877 2
3881 6
3889 5
3907 1
3911 2
3917 1
3919 1
3923 1
3929 1
3931 1
3943 1
3947 1
3967 3
3989 1
4001 1
4003 1
4007 1
4013 1
4019 2
4021 4
4027 1
4049 1
4051 2
4057 1
4073 1
4079 2
4091 2
4093 1
4099 2
4111 2
4127 1
4129 4
4133 1
4139 2
4153 1
4157 1
4159 1
4177 1
4201 11
4211 2
4217 1
4219 1
4229 1
4231 1
4241 1
4243 1
4253 1
4259 2
4261 2
4271 2
4273 1
4283 1
4289 1
4297 1
4327 1
4337 1
4339 2
4349 1
4357 1
4363 1
4373 1
4391 2
4397 1
4409 1
4421 1
4423 1
4441 4
4447 1
4451 2
4457 1
4463 1
4481 1
4483 1
4493 1
4507 1
4513 3
4517 1
4519 1
4523 1
4547 1
4549 2
4561 26
4567 1
4583 1
4591 18
4597 1
4603 1
4621 2
4637 1
4639 1
4643 1
4649 1
4651 1
4657 2
4663 1
4673 1
4679 2
4691 2
4703 1
4721 2
4723 1
4729 2
4733 1
4751 2
4759 1
4783 3
4787 1
4789 2
4793 1
4799 2
4801 2
4813 1
4817 1
4831 1
4861 4
4871 2
4877 1
4889 1
4903 1
4909 4
4919 2
4931 2
4933 1
4937 1
4943 2
4951 2
4957 1
4967 1
4969 4
4973 1
4987 1
4993 1
4999 1
5011 1
5039 1
5051 1
5059 2
5077 5
5099 1
5101 3
5107 22
5113 2
5167 6
5171 1
5179 2
5197 2
5209 1
5227 2
5231 1
5233 2
5279 1
5281 3
5351 1
5399 1
5449 3
5471 1
5501 1
5519 1
5521 1
5531 1
5569 5
5581 1
5591 8
5639 1
5641 1
5651 1
5659 1
5689 1
5701 3
5711 1
5743 2
5749 3
5783 1
5791 1
5821 1
5839 2
5851 1
5857 1
5869 3
5879 1
5881 1
5939 1
5953 1
6011 1
6067 2
6073 2
6079 2
6091 4
6101 1
6121 1
6131 1
6211 21
6229 1
6271 2
6287 1
6299 1
6301 1
6311 1
6337 2
6359 1
6361 1
6397 1
6421 15
6469 3
6481 12
6491 1
6521 3
6529 1
6551 1
6553 29
6581 3
6599 1
6659 1
6661 3
6679 1
6701 3
6709 1
6719 1
6733 2
6779 1
6781 1
6791 1
6793 2
6829 1
6841 1
6883 2
6899 1
6911 1
6949 1
6959 1
6961 1
6971 7
6991 7
7019 1
7069 4
7079 1
7129 1
7151 1
7177 2
7211 1
7219 2
7309 1
7321 2
7331 1
7333 2
7351 1
7369 1
7451 1
7477 2
7481 1
7489 1
7499 1
7507 5
7537 1
7549 1
7559 1
7561 1
7589 1
7591 1
7621 2
7639 1
7669 2
7681 3
7687 4
7691 1
7717 1
7741 2
7753 10
7789 1
7841 4
7853 8
7919 1
7933 1
7951 1
8011 1
8039 1
8089 4
8101 2
8111 1
8161 3
8171 1
8191 3
8209 1
8219 1
8221 2
8231 1
8233 1
8269 1
8291 1
8293 1
8317 5
8329 1
8389 1
8461 2
8501 1
8521 1
8581 3
8629 1
8641 2
8681 4
8689 1
8699 1
8761 1
8779 3
8819 1
8821 1
8831 1
8929 2
8933 3
8941 1
8951 5
8999 1
9001 3
9011 5
9049 1
9059 1
9103 1
9109 1
9133 1
9157 1
9181 2
9221 2
9239 1
9241 1
9311 1
9341 2
9349 1
9371 1
9397 1
9419 1
9421 1
9431 1
9439 1
9479 1
9491 1
9539 1
9551 1
9601 3
9619 1
9649 1
9661 10
9697 1
9719 1
9721 1
9769 11
9781 1
9791 1
9829 2
9839 1
9851 5
9859 1
9901 2
9923 1
9931 1
9941 2
9949 2
9973 1
10069 1
10091 4
10093 1
10177 1
10243 4
10273 1
10459 4
10513 1
10567 1
10639 2
10651 1
10657 1
10729 2
10753 1
10781 5
10831 1
10861 1
11113 1
11149 1
11251 2
11257 1
11329 1
11497 1
11551 1
11617 1
11621 2
11701 1
11821 2
11941 2
11971 8
12007 1
12073 1
12109 1
12301 1
12343 1
12377 2
12409 3
12421 1
12457 1
12517 1
12541 1
12577 1
12697 1
12799 1
12829 1
12841 3
12973 1
13009 1
13291 1
13339 2
13441 5
13477 1
13669 2
13681 2
13693 1
13711 5
13729 24
13759 1
13781 1
13789 1
13841 1
13879 2
13921 8
14011 1
14149 1
14173 1
14197 1
14221 2
14281 1
14293 1
14341 1
14401 16
14407 1
14411 3
14449 1
14533 1
14561 1
14629 2
14653 1
14731 1
14737 1
14821 4
14929 4
15013 1
15131 3
15241 2
15277 1
15349 1
15361 5
15541 1
15649 1
15919 2
15991 1
16069 1
16111 3
16189 1
16249 1
16369 1
16381 1
16633 2
16661 1
16741 5
16811 2
16901 1
16981 1
17021 1
17029 1
17209 10
17341 1
17569 1
17581 1
17713 3
17761 1
17851 1
17881 2
17989 1
18121 1
18181 1
18289 1
18397 1
18461 1
18661 3
19141 1
19163 3
19381 1
19441 4
19471 1
19501 1
19541 1
19609 1
19661 1
19801 1
19861 1
19961 1
19991 2
19993 7
20011 1
20149 2
20201 1
20641 2
20809 1
21061 2
21379 1
21391 1
21481 1
21649 1
21661 4
21701 1
21737 2
21841 1
21851 2
23053 2
23869 1
24049 3
24169 1
24371 2
24373 1
24421 2
24469 2
24781 2
24809 1
24971 2
25261 1
25981 5
26251 1
26641 2
26701 2
26821 1
27061 3
27091 12
27109 1
27241 1
27457 1
27481 1
28289 1
28477 1
28603 1
28621 1
28729 1
28789 1
28909 2
28921 1
29101 1
29179 1
29629 2
29641 6
29851 1
29989 2
30091 1
30169 1
30181 1
30241 3
30529 1
30829 2
30971 1
31033 1
31249 2
31511 1
31741 14
31769 5
32029 1
32341 1
32369 1
32957 1
33409 2
33769 8
33851 1
34511 1
34651 3
34679 2
35281 4
35401 1
35771 1
36671 1
37441 2
37493 1
38569 3
38711 1
40849 1
41761 1
42181 1
42571 1
42841 2
43609 5
43669 1
44089 2
44111 1
44351 1
45127 2
45631 1
45697 2
47041 2
47351 1
47869 1
48371 1
48889 1
49369 1
49921 1
50857 1
51169 40
51283 1
52861 1
53353 1
54601 1
55201 1
56041 1
56101 1
57097 6
57709 1
58321 1
58411 1
58481 1
58771 1
59281 1
62731 1
65881 1
66841 1
69313 1
71761 1
72661 1
72931 2
74779 1
74821 1
77101 1
79801 1
81901 2
82009 1
83449 1
84673 2
86857 1
87011 1
90019 1
91771 1
92863 1
97021 1
98041 1
98911 3
104089 1
114889 1
116101 2
119701 11
129169 1
131041 1
132001 1
135661 1
137089 1
137593 3
143291 1
144289 1
145441 3
146891 2
156817 1
162553 1
164701 1
174931 2
182041 1
183959 1
205031 9
205507 1
213181 1
214499 1
218233 1
221951 1
225721 1
235621 2
244261 1
256609 1
280061 1
281233 1
288361 1
289171 1
291649 1
292141 1
310501 1
358667 1
361901 1
389621 1
412849 1
418471 1
440641 1
440821 1
462239 2
472027 1
521137 1
559777 1
578401 2
669901 2
738721 2
1024921 1
1785961 1
2010581 3
2057701 2
5736481 1
